0.02	0.000010622030704530118
0.021	0.000012298700971111271
0.022	0.000014143512992135941
0.023	0.00001616459228665913
0.024	0.0000183700810455566
0.025	0.000020768138912035624
0.026000000000000002	0.000023366943765204983
0.027	0.000026174692506844722
0.028	0.000029199601851516405
0.029	0.00003244990912015574
0.03	0.000035933873037291545
0.031	0.00003965977453203387
0.032	0.00004363591754297764
0.033	0.00004787062982716757
0.034	0.00005237226377327197
0.035	0.00005714919721911434
0.036000000000000004	0.00006220983427371283
0.037000000000000005	0.00006756260614397879
0.038000000000000006	0.00007321597196622682
0.039	0.00007917841964265219
0.04	0.00008545846668292789
0.041	0.00009206466105108254
0.041999999999999996	0.00009900558201781467
0.043	0.00010628984101840464
0.044	0.00011392608251638726
0.045	0.00012192298487314733
0.046	0.0001302892612236037
0.047	0.00013903366035815056
0.048	0.00014816496761102277
0.049	0.0001576920057552584
0.05	0.00016762363590443075
0.051000000000000004	0.00017796875842132376
0.052000000000000005	0.0001887363138337299
0.053000000000000005	0.00019993528375754997
0.054000000000000006	0.00021157469182737202
0.05500000000000001	0.00022366360463472142
0.05600000000000001	0.00023621113267415793
0.056999999999999995	0.0002492264312974183
0.057999999999999996	0.0002627187016757878
0.059	0.00027669719177089914
0.06	0.0002911711973141503
0.061	0.0003061500627949454
0.062	0.0003216431824579559
0.063	0.0003376600013096067
0.064	0.0003542100161339972
0.065	0.00037130277651846504
0.066	0.00038894788588900425
0.067	0.0004071550025557574
0.068	0.0004259338407687987
0.069	0.000445294171784432
0.07	0.0004652458249422269
0.07100000000000001	0.0004857986887530266
0.07200000000000001	0.0005069627119981521
0.073	0.000528747904840054
0.074	0.0005511643399446335
0.075	0.0005742221536154883
0.076	0.0005979315469403284
0.077	0.0006223027869498117
0.078	0.0006473462077890551
0.079	0.000673072211902084
0.08	0.0006994912712294733
0.081	0.000726613928419467
0.082	0.0007544507980528273
0.083	0.000783012567881703
0.084	0.0008123100000827996
0.085	0.0008423539325251291
0.08600000000000001	0.0008731552800526385
0.08700000000000001	0.0009047250357820052
0.08800000000000001	0.0009370742724159083
0.08900000000000001	0.000970214143572078
0.09000000000000001	0.0010041558851284342
0.09100000000000001	0.0010389108165846325
0.09200000000000001	0.001074490342440338
0.093	0.0011109059535905606
0.094	0.001148169228738378
0.095	0.0011862918358253925
0.096	0.0012252855334802643
0.097	0.0012651621724856766
0.098	0.0013059336972640837
0.099	0.0013476121473826187
0.1	0.0013902096590775223
0.101	0.0014337384667984761
0.10200000000000001	0.001478210904773231
0.10300000000000001	0.0015236394085929024
0.10400000000000001	0.0015700365168183645
0.10500000000000001	0.00161741487260812
0.10600000000000001	0.001665787225368087
0.10700000000000001	0.0017151664324236984
0.108	0.0017655654607147795
0.109	0.0018169973885135938
0.11	0.0018694754071665693
0.111	0.0019230128228600904
0.112	0.001977623058410884
0.113	0.0020333196550814284
0.114	0.0020901162744208926
0.115	0.0021480267001320846
0.116	0.002207064839964926
0.117	0.0022672447276369453
0.11800000000000001	0.002328580524781325
0.11900000000000001	0.0023910865229230535
0.12000000000000001	0.0024547771454836572
0.12100000000000001	0.0025196669498151656
0.12200000000000001	0.002585770629263785
0.12300000000000001	0.002653103015263915
0.12400000000000001	0.00272167907946305
0.125	0.002791513935878229
0.126	0.002862622843084572
0.127	0.0029350212064365652
0.128	0.003008724580322757
0.129	0.0030837486704544496
0.13	0.003160109336189121
0.131	0.0032378225928891974
0.132	0.0033169046143169036
0.133	0.003397371735065874
0.134	0.0034792404530302706
0.135	0.
0.136	0.0036472495037676014
0.137	0.003733423671593165
0.138	0.0038210671119520635
0.139	0.0039101971776423
0.13999999999999999	0.004000831400406665
0.141	0.004092987493685815
0.142	0.004186683355415104
0.143	0.00428193707086618
0.144	0.004378766915534124
0.145	0.004477191358071151
0.146	0.004577229063267646
0.147	0.0046788988950816545
0.148	0.004782219919717684
0.149	0.0048872114087558415
0.15	0.004993892842332305
0.151	0.0051022839123721865
0.152	0.005212404525875842
0.153	0.005324274808259665
0.154	0.005437915106752547
0.155	0.005553345993848998
0.156	0.00567058827082032
0.157	0.005789662971284696
0.158	0.005910591364837692
0.159	0.006033394960744206
0.16	0.006158095511693268
0.161	0.0062847150176168565
0.162	0.006413275729574094
0.163	0.006543800153702345
0.164	0.0066763110552361775
0.16499999999999998	0.006810831462596075
0.16599999999999998	0.006947384671548072
0.16699999999999998	0.007085994249435803
0.16799999999999998	0.007226684039486531
0.16899999999999998	0.007369478165192807
0.16999999999999998	0.007514401034771048
0.17099999999999999	0.00766147734569901
0.172	0.007810732089333536
0.173	0.007962190555610406
0.174	0.00811587833782807
0.175	0.008271821337516853
0.176	0.008430045769395718
0.177	0.008590578166418178
0.178	0.008753445384909502
0.179	0.008918674609797
0.18	0.009086293359935485
0.181	0.009256329493529896
0.182	0.009428811213657289
0.183	0.009603767073890133
0.184	0.009781225984023426
0.185	0.009961217215907555
0.186	0.010143770409389444
0.187	0.010328915578364267
0.188	0.010516683116940182
0.189	0.010707103805718501
0.19	0.010900208818191892
0.191	0.011096029727263318
0.192	0.01129459851188821
0.193	0.011495947563842654
0.194	0.011700109694620604
0.195	0.011907118142462644
0.19599999999999998	0.012117006579519637
0.19699999999999998	0.012329809119153934
0.19799999999999998	0.012545560323381572
0.19899999999999998	0.012764295210458312
0.19999999999999998	0.012986049262613162
0.20099999999999998	0.013210858433932285
0.20199999999999999	0.013438759158397163
0.20299999999999999	0.013669788358080245
0.204	0.013903983451501779
0.205	0.014141382362151561
0.206	0.014382023527179367
0.207	0.014625945906257992
0.208	0.014873188990622855
0.209	0.015123792812292347
0.21	0.015377797953473032
0.211	0.015635245556154184
0.212	0.01589617733189592
0.213	0.016160635571815525
0.214	0.016428663156776876
0.215	0.01670030356778744
0.216	0.01697560089660787
0.217	0.017254599856579542
0.218	0.0175373457936747
0.219	0.017823884697775117
0.22	0.01811426321418435
0.221	0.018408528655379456
0.222	0.01870672901300765
0.223	0.019008912970134486
0.224	0.019315129913748796
0.225	0.019625429947531386
0.226	0.01993986390489368
0.227	0.020258483362292724
0.228	0.020581340652829853
0.22899999999999998	0.020908488880139468
0.22999999999999998	0.02123998193257574
0.23099999999999998	0.02157587449770376
0.23199999999999998	0.021916222077103996
0.23299999999999998	0.02226108100149648
0.23399999999999999	0.022610508446193986
0.235	0.022964562446891552
0.236	0.023323301915801575
0.237	0.023686786658142642
0.238	0.024055077388991552
0.239	0.024428235750507506
0.24	0.024806324329538183
0.241	0.025189406675617327
0.242	0.025577547319364128
0.243	0.02597081179129463
0.244	0.02636926664105602
0.245	0.02677297945709458
0.246	0.027182018886768865
0.247	0.027596454656919622
0.248	0.02801635759490856
0.249	0.02844179965013832
0.25	0.028872853916066112
0.251	0.029309594652724792
0.252	0.029752097309764247
0.253	0.030200438550027225
0.254	0.030654696273674207
0.255	0.031114949642871533
0.256	0.03158127910705898
0.257	0.032053766428811255
0.258	0.032532494710310514
0.259	0.03301754842044636
0.26	0.03350901342256052
0.261	0.03400697700285343
0.262	0.03451152789947213
0.263	0.03502275633229719
0.264	0.035540754033448724
0.265	0.03606561427853138
0.266	0.036597431918639456
0.267	0.03713630341314227
0.268	0.03768232686327355
0.269	0.03823560204654609
0.27	0.038796230452016
0.271	0.03936431531642045
0.272	0.03993996166121392
0.273	0.040523276330529025
0.274	0.04111436803008829
0.275	0.041713347367094325
0.276	0.04232032689112767
0.277	0.04293542113608013
0.278	0.043558746663155685
0.279	0.04419042210496912
0.28	0.044830568210775155
0.281	0.04547930789286185
0.28200000000000003	0.04613676627414228
0.28300000000000003	0.04680307073698065
0.28400000000000003	0.047478350973290055
0.28500000000000003	0.048162739035939595
0.28600000000000003	0.04885636939151042
0.28700000000000003	0.04955937897444248
0.28800000000000003	0.05027190724261284
0.28900000000000003	0.05099409623439072
0.29000000000000004	0.05172609062721326
0.29100000000000004	0.05246803779773048
0.29200000000000004	0.053220087883565755
0.29300000000000004	0.05398239384674426
0.29400000000000004	0.054755111538839454
0.29500000000000004	0.0555383997678928
0.29600000000000004	0.05633242036716149
0.29700000000000004	0.057137338265752194
0.29800000000000004	0.05795332156120056
0.29900000000000004	0.05878054159405851
0.30000000000000004	0.05961917302455331
0.30100000000000005	0.060469393911384194
0.30200000000000005	0.061331385792726886
0.30300000000000005	0.06220533376951644
0.30400000000000005	0.06309142659108141
0.30500000000000005	0.06398985674320876
0.30600000000000005	0.06490082053871594
0.30700000000000005	0.065824518210615
0.30800000000000005	0.06676115400795318
0.309	0.06771093629441878
0.31	0.06867407764980495
0.311	0.06965079497442615
0.312	0.07064130959658772
0.313	0.07164584738321055
0.314	0.07266463885371732
0.315	0.07369791929729348
0.316	0.074745928893636
0.317	0.07580891283731062
0.318	0.07688712146584264
0.319	0.0779808103916694
0.32	0.07909024063808962
0.321	0.08021567877934928
0.322	0.08135739708500907
0.323	0.08251567366874435
0.324	0.0836907926417352
0.325	0.08488304427080932
0.326	0.08609272514150804
0.327	0.08732013832625232
0.328	0.08856559355779296
0.329	0.08982940740813641
0.33	0.09111190347314523
0.331	0.09241341256302198
0.332	0.09373427289889193
0.333	0.09507483031571061
0.334	0.09643543847173063
0.335	0.0978164590647716
0.336	0.0992182620555508
0.337	0.10064122589833745
0.338	0.1020857377792093
0.339	0.10355219386220117
0.34	0.1050409995436457
0.341	0.10655256971502175
0.342	0.10808732903463866
0.343	0.10964571220849988
0.34400000000000003	0.1112281642807014
0.34500000000000003	0.11283514093374195
0.34600000000000003	0.11446710879913272
0.34700000000000003	0.11612454577871455
0.34800000000000003	0.11780794137711031
0.34900000000000003	0.11951779704575487
0.35000000000000003	0.12125462653897034
0.35100000000000003	0.12301895628257242
0.35200000000000004	0.12481132575551543
0.35300000000000004	0.126632287885111
0.35400000000000004	0.12848240945637385
0.35500000000000004	0.13036227153608132
0.35600000000000004	0.13227246991215297
0.35700000000000004	0.1342136155489927
0.35800000000000004	0.13618633505945807
0.35900000000000004	0.1381912711941631
0.36000000000000004	0.14022908334884335
0.36100000000000004	0.14230044809055592
0.36200000000000004	0.14440605970352183
0.36300000000000004	0.146546630755453
0.36400000000000005	0.14872289268525588
0.36500000000000005	0.15093559641303866
0.36600000000000005	0.15318551297340086
0.36700000000000005	0.15547343417303042
0.36800000000000005	0.15780017327368454
0.36900000000000005	0.16016656570168492
0.37000000000000005	0.16257346978511578
0.37100000000000005	0.16502176751997177
0.372	0.1675123653665688
0.373	0.17004619507759663
0.374	0.17262421455926383
0.375	0.17524740876706113
0.376	0.1779167906377501
0.377	0.18063340205926734
0.378	0.1833983148803223
0.379	0.1862126319615667
0.38	0.18907748827030943
0.381	0.19199405202085706
0.382	0.19496352586267776
0.383	0.1979871481187022
0.384	0.20106619407619902
0.385	0.20420197733280962
0.386	0.2073958512004532
0.387	0.21064921016998006
0.388	0.21396349143960441
0.389	0.21734017651032278
0.39	0.2207807928517049
0.391	0.22428691564164469
0.392	0.22786016958385416
0.393	0.231502230807118
0.394	0.23521482885054798
0.395	0.23899974873933622
0.396	0.24285883315576842
0.397	0.24679398471054287
0.398	0.25080716831974476
0.399	0.2549004136931526
0.4	0.2590758179398913
0.401	0.26333554829782563
0.402	0.2676818449934762
0.403	0.2721170242396635
0.404	0.2766434813785396
0.405	0.2812636941781469
0.406	0.28598022629116504
0.40700000000000003	0.2907957308850589
0.40800000000000003	0.2957129544534322
0.40900000000000003	0.3007347408190365
0.41000000000000003	0.3058640353395646
0.41100000000000003	0.31110388932808114
0.41200000000000003	0.3164574647007568
0.41300000000000003	0.32192803886538796
0.41400000000000003	0.32751900986512256
0.41500000000000004	0.33323390179276474
0.41600000000000004	0.339076370492115
0.41700000000000004	0.34505020956390614
0.41800000000000004	0.351159356695142
0.41900000000000004	0.35740790033195063
0.42000000000000004	0.3638000867174881
0.42100000000000004	0.37034032731796407
0.42200000000000004	0.37703320666151807
0.42300000000000004	0.3838834906164622
0.42400000000000004	0.3908961351373394
0.42500000000000004	0.3980762955093503
0.42600000000000005	0.4054293361239549
0.42700000000000005	0.4129608408209202
0.42800000000000005	0.42067662383473997
0.42900000000000005	0.42858274138624797
0.43000000000000005	0.4366855039633665
0.43100000000000005	0.44499148933834415
0.43200000000000005	0.4535075563725385
0.43300000000000005	0.4622408596638077
0.43400000000000005	0.47119886509596975
0.43500000000000005	0.4803893663545501
0.43600000000000005	0.48982050247823317
0.437	0.49950077652111596
0.438	0.5094390754070438
0.439	0.5196446910640709
0.44	0.5301273429345026
0.441	0.5408972019640457
0.442	0.5519649161824827
0.443	0.5633416379979835
0.444	0.5750390533378477
0.445	0.5870694127801604
0.446	0.5994455648337343
0.447	0.6121809915378359
0.448	0.6252898465688067
0.449	0.6387869960578465
0.45	0.6526880623431887
0.451	0.6670094709008002
0.452	0.6817685007209034
0.453	0.696983338423156
0.454	0.7126731364317255
0.455	0.7288580755628871
0.456	0.7455594324126754
0.457	0.7627996519708924
0.458	0.780602425930914
0.459	0.7989927772127553
0.46	0.8179971512704642
0.461	0.8376435148147025
0.462	0.8579614626482437
0.463	0.8789823333869736
0.464	0.9007393349228389
0.465	0.9232676805793268
0.466	0.9466047370158446
0.467	0.9707901850563909
0.468	0.9958661947520515
0.46900000000000003	1.0218776161382495
0.47000000000000003	1.0488721873187519
0.47100000000000003	1.0769007617021447
0.47200000000000003	1.1060175564360464
0.47300000000000003	1.1362804243336875
0.47400000000000003	1.167751151871104
0.47500000000000003	1.200495786156334
0.47600000000000003	1.234584994140846
0.47700000000000004	1.2700944577651103
0.47800000000000004	1.307105309213311
0.47900000000000004	1.3457046110065725
0.48000000000000004	1.3859858863015546
0.48100000000000004	1.4280497054956978
0.48200000000000004	1.4720043360884798
0.48300000000000004	1.517966463728988
0.48400000000000004	1.5660619935177642
0.48500000000000004	1.6164269419527653
0.48600000000000004	1.669208431449005
0.48700000000000004	1.724565801159199
0.48800000000000004	1.7826718499267697
0.48900000000000005	1.84371422967145
0.49000000000000005	1.9078970104122848
0.49100000000000005	1.9754424415590923
0.49200000000000005	2.0465929381565915
0.49300000000000005	2.121613325573915
0.49400000000000005	2.2007933818539938
0.49500000000000005	2.2844507237668332
0.49600000000000005	2.372934090788922
0.49700000000000005	2.466627091056607
0.49800000000000005	2.56595248518721
0.49900000000000005	2.671377098194586
0.5	2.7834174671325784
0.501	2.9026463533221025
0.502	3.029700273995755
0.503	3.165288240128466
0.504	3.310201926651276
0.505	3.465327550149694
0.506	3.631659790096622
0.507	3.810318166007713
0.508	4.002566379022529
0.509	4.209835248095168
0.51	4.433750025910125
0.511	4.676163078103541
0.512	4.939193165213893
0.513	5.225272898807766
0.514	5.537206377149214
0.515	5.878239577107321
0.516	6.252146837164676
0.517	6.663337780904694
0.518	7.11699039992142
0.519	7.6192178813855795
0.52	8.177279334190892
0.521	8.799848140922974
0.522	9.497356690723478
0.523	10.282443409481967
0.524	11.170538338848825
0.525	12.180638643431934
0.526	13.336347910269115
0.527	14.667287083278541
0.528	16.21103715947965
0.529	18.01585582924039
0.53	20.14454184271846
0.531	22.680037047260488
0.532	25.733720634464635
0.533	29.45798352032465
0.534	34.065808224001586
0.535	39.86220034447911
0.536	47.296444795036315
0.537	57.05259796933036
0.538	70.21390246942647
0.539	88.57918867539516
0.54	115.31602233582663
0.541	156.4326821231662
0.542	224.493675493468
0.543	349.548783841472
0.544	619.2102224356364
0.545	1388.1689453294646
0.546	5532.13142248041
0.547	0.
0.548	5490.056616866196
0.549	1367.1313533627372
0.55	605.184951117778
0.551	339.0296101150427
0.552	216.0781103507687
0.553	149.419481291102
0.554	109.30447504309844
0.555	83.318850940258
0.556	65.53781189432554
0.557	52.843881138306635
0.558	43.47010312693492
0.559	36.354485174077595
0.56	30.82768239048044
0.561	26.450918102805062
0.562	22.92689277579022
0.5630000000000001	20.048403457939138
0.5640000000000001	17.667478921445102
0.5650000000000001	15.676177527814504
0.5660000000000001	13.994271304418202
0.5670000000000001	12.561132617122814
0.5680000000000001	11.330261361248834
0.5690000000000001	10.26551457939571
0.5700000000000001	9.338459287830222
0.5710000000000001	8.526481880248326
0.5720000000000001	7.811416789315602
0.5730000000000001	7.178537645654524
0.5740000000000001	6.615805460565517
0.5750000000000001	6.113301660524832
0.5760000000000001	5.662795819437105
0.5770000000000001	5.257412735730786
0.5780000000000001	4.891373604554422
0.5790000000000001	4.559793030018661
0.5800000000000001	4.258518529042764
0.5810000000000001	3.9840026625533924
0.5820000000000001	3.733200432262486
0.5830000000000001	3.5034863978835937
0.5840000000000001	3.292587301632855
0.5850000000000001	3.098526972696694
0.5860000000000001	2.919581020456681
0.5870000000000001	2.754239379490451
0.5880000000000001	2.601175189946984
0.5890000000000001	2.4592188184313812
0.5900000000000001	2.3273360720881584
0.5910000000000001	2.2046098504420333
0.5920000000000001	2.090224629211794
0.5930000000000001	1.9834532877498472
0.5940000000000001	1.8836458844445878
0.5950000000000001	1.7902200579733272
0.5960000000000001	1.7026527909663036
0.597	1.6204733196808614
0.598	1.5432570111768031
0.599	1.4706200601478385
0.6	1.402214882487217
0.601	1.337726103008966
0.602	1.276867051417558
0.603	1.2193766943347144
0.604	1.1650169425183765
0.605	1.1135702817953925
0.606	1.0648376840357177
0.607	1.018636761009151
0.608	0.9748001294179067
0.609	0.9331739599763269
0.61	0.8936166872646355
0.611	0.8559978603402485
0.612	0.8201971168483545
0.613	0.7861032657161596
0.614	0.7536134655098113
0.615	0.7226324872359796
0.616	0.6930720518272064
0.617	0.6648502338002947
0.618	0.6378909236516644
0.619	0.6121233424798658
0.62	0.5874816031251622
0.621	0.5639043128083586
0.622	0.5413342128512139
0.623	0.5197178515824312
0.624	0.49900528698724306
0.625	0.4791498160547137
0.626	0.46010772812297457
0.627	0.4418380798256116
0.628	0.4243024895081085
0.629	0.40746494921666354
0.63	0.39129165256703946
0.631	0.37575083698210093
0.632	0.3608126389464262
0.633	0.34644896106761247
0.634	0.33263334985890675
0.635	0.31934088326865173
0.636	0.3065480670804612
0.637	0.2942327393955572
0.638	0.2823739824865964
0.639	0.27095204138179946
0.64	0.2599482486001827
0.641	0.2493449545141311
0.642	0.2391254628651245
0.643	0.2292739710028997
0.644	0.21977551445815383
0.645	0.21061591549474398
0.646	0.2017817353194741
0.647	0.19326022965658232
0.648	0.18503930742011795
0.649	0.17710749224096198
0.65	0.16945388662651042
0.651	0.1620681385502608
0.652	0.1549404102859338
0.653	0.14806134931652662
0.654	0.14142206116295994
0.655	0.13501408398995776
0.656	0.12882936485855995
0.657	0.12286023750537607
0.658	0.11709940153842208
0.659	0.11153990294825487
0.66	0.10617511584120577
0.661	0.10099872530887694
0.662	0.0960047113548174
0.663	0.09118733380543127
0.664	0.08654111813781268
0.665	0.08206084216233736
0.666	0.07774152350257552
0.667	0.07357840781940099
0.668	0.06956695773014598
0.669	0.06570284237729228
0.67	0.06198192760453234
0.671	0.058400266701115165
0.672	0.05495409167821444
0.673	0.0516398050436709
0.674	0.048453972043853426
0.675	0.04539331334359834
0.676	0.04245469811723372
0.677	0.03963513752556976
0.678	0.03693177855548596
0.679	0.034341898200349864
0.68	0.03186289796099347
0.681	0.02949229864834776
0.682	0.027227735470114374
0.683	0.025066953385033678
0.684	0.02300780270940524
0.685	0.021048234961532828
0.686	0.019186298930711776
0.687	0.017420136958251356
0.6880000000000001	0.015747981418841223
0.6890000000000001	0.014168151391329561
0.6900000000000001	0.01267904950868364
0.6910000000000001	0.011279158977564357
0.6920000000000001	0.009967040758553737
0.6930000000000001	0.008741330898648727
0.6940000000000001	0.007600738008165867
0.6950000000000001	0.006544040874696101
0.6960000000000001	0.005570086207217423
0.6970000000000001	0.004677786503902059
0.6980000000000001	0.003866118037564709
0.6990000000000001	0.003134118953074262
0.7000000000000001	0.0024808874714102483
0.7010000000000001	0.0019055801953756022
0.7020000000000001	0.0014074105122915796
0.7030000000000001	0.0009856470892926315
0.7040000000000001	0.0006396124571150032
0.7050000000000001	0.00036868167853084055
0.7060000000000001	0.00017228109782377898
0.7070000000000001	0.00004988716792993802
0.7080000000000001	1.0253520849615567e-6
0.7090000000000001	0.000025269097020559208
0.7100000000000001	0.00012223887494628764
0.7110000000000001	0.0002916012917337674
0.7120000000000001	0.0005330682588918205
0.7130000000000001	0.0008463962270838006
0.7140000000000001	0.001231385479091898
0.7150000000000001	0.0016878794802796056
0.7160000000000001	0.002215764284742187
0.7170000000000001	0.0028149679954669587
0.7180000000000001	0.0034854602769507654
0.7190000000000001	0.004227251918842679
0.7200000000000001	0.005040394449293555
0.7210000000000001	0.005924979796805018
0.7220000000000001	0.006881139999474287
0.7230000000000001	0.007909046960633513
0.724	0.009008912249978376
0.725	0.01018098694937583
0.726	0.01142556154262885
0.727	0.012742965848567418
0.728	0.014133568996916392
0.729	0.015597779446474535
0.73	0.017136045045223248
0.731	0.01874885313205455
0.732	0.020436730679893527
0.733	0.022200244480060964
0.734	0.024040001367796784
0.735	0.02595664848894192
0.736	0.02795087360784547
0.737	0.03002340545663814
0.738	0.032175014126084596
0.739	0.03440651149830157
0.74	0.03671875172169551
0.741	0.03911263172855085
0.742	0.041589091795769445
0.743	0.044149116149339473
0.744	0.04679373361317627
0.745	0.049524018303068
0.746	0.05234109036651984
0.747	0.055246116769378725
0.748	0.05824031213019595
0.749	0.06132493960336522
0.75	0.06450131181216087
0.751	0.06777079183287989
0.752	0.07113479423138815
0.753	0.0745947861534519
0.754	0.0781522884703363
0.755	0.08180887698124696
0.756	0.0855661836742903
0.757	0.08942589804772978
0.758	0.09338976849343064
0.759	0.09745960374448626
0.76	0.10163727438914373
0.761	0.10592471445326991
0.762	0.11032392305371296
0.763	0.11483696612506039
0.764	0.1194659782224272
0.765	0.1242131644030481
0.766	0.12908080218960388
0.767	0.1340712436183704
0.768	0.13918691737544225
0.769	0.14443033102445393
0.77	0.14980407332941226
0.771	0.15531081667644095
0.772	0.16095331959843334
0.773	0.16673442940683597
0.774	0.17265708493499732
0.775	0.17872431939774852
0.776	0.18493926337214459
0.777	0.1913051479045404
0.778	0.19782530774945653
0.779	0.20450318474598264
0.78	0.21134233133776234
0.781	0.2183464142429444
0.782	0.22551921828079902
0.783	0.2328646503620905
0.784	0.2403867436506486
0.785	0.24808966190400292
0.786	0.2559777040013703
0.787	0.2640553086677201
0.788	0.2723270594031397
0.789	0.2807976896272204
0.79	0.289472088048713
0.791	0.29835530427128687
0.792	0.3074525546468152
0.793	0.31676922838825294
0.794	0.3263108939548542
0.795	0.33608330572320405
0.796	0.3460924109582886
0.797	0.35634435709964674
0.798	0.3668454993785327
0.799	0.37760240878290036
0.8	0.3886218803880302
0.801	0.39991094207165306
0.802	0.4114768636335205
0.803	0.42332716634057077
0.804	0.4354696329200912
0.805	0.4479123180246148
0.806	0.46066355919372276
0.807	0.4737319883394609
0.808	0.48712654378368986
0.809	0.5008564828774461
0.81	0.5149313952342366
0.811	0.529361216611185
0.812	0.5441562434740754
0.8130000000000001	0.5593271482846021
0.8140000000000001	0.5748849955505625
0.8150000000000001	0.5908412586823738
0.8160000000000001	0.6072078377020117
0.8170000000000001	0.6239970778535457
0.8180000000000001	0.6412217891675733
0.8190000000000001	0.6588952670353614
0.8200000000000001	0.677031313852136
0.8210000000000001	0.6956442617929776
0.8220000000000001	0.7147489967890084
0.8230000000000001	0.7343609837761397
0.8240000000000001	0.7544962932935794
0.8250000000000001	0.7751716295146025
0.8260000000000001	0.7964043597977752
0.8270000000000001	0.8182125458529932
0.8280000000000001	0.8406149766232813
0.8290000000000001	0.8636312029905078
0.8300000000000001	0.887281574420791
0.8310000000000001	0.9115872776737757
0.8320000000000001	0.9365703777088995
0.8330000000000001	0.9622538609314943
0.8340000000000001	0.988661680932117
0.8350000000000001	1.015818806883782
0.8360000000000001	1.0437512747742286
0.8370000000000001	1.0724862416635526
0.8380000000000001	1.1020520431721188
0.8390000000000001	1.132478254419315
0.8400000000000001	1.163795754650757
0.8410000000000001	1.1960367958101206
0.8420000000000001	1.2292350753318353
0.8430000000000001	1.2634258134528755
0.8440000000000001	1.2986458353656456
0.8450000000000001	1.334933658559997
0.8460000000000001	1.3723295857307558
0.8470000000000001	1.4108758036579665
0.8480000000000001	1.4506164885009323
0.8490000000000001	1.4915979179839374
0.8500000000000001	1.533868590991864
0.8510000000000001	1.5774793551381585
0.8520000000000001	1.6224835429158355
0.853	1.66893711709539
0.854	1.7168988260914622
0.855	1.7664303700841768
0.856	1.817596578751195
0.857	1.870465601543763
0.858	1.9251091115251417
0.859	1.9816025238835742
0.86	2.040025230335186
0.861	2.100460850746739
0.862	2.1629975034339988
0.863	2.2277280957315067
0.864	2.29475063658386
0.865	2.364168573080479
0.866	2.4360911530458194
0.867	2.510633816008789
0.868	2.5879186151101203
0.869	2.668074672768626
0.87	2.751238673219216
0.871	2.8375553953615715
0.872	2.927178289722847
0.873	3.020270103745215
0.874	3.1170035600660544
0.875	3.217562092970853
0.876	3.32214064877448
0.877	3.43094655653394
0.878	3.5442004762249195
0.879	3.662137432337095
0.88	3.7850079417723608
0.881	3.913079245981395
0.882	4.0466366584651166
0.883	4.185985040119341
0.884	4.331450416437522
0.885	4.483381752335457
0.886	4.6421529023573775
0.887	4.80816475630166
0.888	4.9818476029131435
0.889	5.163663737280047
0.89	5.354110341009191
0.891	5.553722668207981
0.892	5.763077574862254
0.893	5.982797434469824
0.894	6.21355448889306
0.895	6.456075690478361
0.896	6.7111480997301225
0.897	6.9796249124340966
0.898	7.262432201352976
0.899	7.560576470769894
0.9	7.875153137605126
0.901	8.207356071023586
0.902	8.558488343931934
0.903	8.92997437519982
0.904	9.323373671644987
0.905	9.740396414797921
0.906	10.182921180445238
0.907	10.653015130470632
0.908	11.152957078470905
0.909	11.685263905393981
0.91	12.252720891999347
0.911	12.858416645021785
0.912	13.505783428256922
0.913	14.198643874388138
0.914	14.941265255910734
0.915	15.738422743814171
0.916	16.59547339344116
0.917	17.51844298460778
0.918	18.514128329081704
0.919	19.59021827103918
0.92	20.75543738229822
0.921	22.019717343375298
0.922	23.394402269818798
0.923	24.89249587998268
0.924	26.528960526480738
0.925	28.321080894826697
0.926	30.28890883825563
0.927	32.45581068661417
0.928	34.8491448886168
0.929	37.50110665893624
0.93	40.44978832139666
0.931	43.74052059905395
0.932	47.42758316015872
0.933	51.57640520426779
0.934	56.26642317329658
0.935	61.594829556300375
0.936	67.6815447521605
0.937	74.67588974669893
0.9380000000000001	82.76565789299255
0.9390000000000001	92.18962375260479
0.9400000000000001	103.25506055329524
0.9410000000000001	116.36269442828419
0.9420000000000001	132.04293201252688
0.9430000000000001	151.00957579784657
0.9440000000000001	174.24137651230745
0.9450000000000001	203.10920449219134
0.9460000000000001	239.58049368397317
0.9470000000000001	286.5596334481392
0.9480000000000001	348.4782849528718
0.9490000000000001	432.3694927091555
0.9500000000000001	549.9377527052917
0.9510000000000001	721.8385628234289
0.9520000000000001	987.3374562609819
0.9530000000000001	1428.727680912202
0.9540000000000001	2243.263730446317
0.9550000000000001	4007.358971428441
0.9560000000000001	9060.056130536068
0.9570000000000001	36414.20036478513
0.9580000000000001	0.
0.9590000000000001	36762.095636325816
0.9600000000000001	9234.003445373954
0.9610000000000001	4123.32349135863
0.9620000000000001	2330.2367458852186
0.9630000000000001	1498.3057079887278
0.9640000000000001	1045.3187529985726
0.9650000000000001	771.5364194782331
0.9660000000000001	593.4229756429692
0.9670000000000001	471.0226194611651
0.9680000000000001	383.26569174464265
0.9690000000000001	318.1841393053389
0.9700000000000001	268.56921282778086
0.9710000000000001	229.8676093518016
0.9720000000000001	199.08805251863217
0.9730000000000001	174.19939124599546
0.9740000000000001	153.7829673422264
0.9750000000000001	136.82348642182217
0.9760000000000001	122.57872314511697
0.9770000000000001	110.49583178374932
0.9780000000000001	100.15613492689407
0.9790000000000001	91.23782735740676
0.98	83.4902447015819
0.981	76.71577158506581
0.982	70.75690200185325
0.983	65.48684013373035
0.984	60.802575826828914
0.985	56.61971684845693
0.986	52.86858617622171
0.987	49.491242223521965
0.988	46.43918060267206
0.989	43.67154482832158
0.99	41.15372104249718
0.991	38.85622532014556
0.992	36.753815909236664
0.993	34.82477986646749
0.994	33.05035598000407
0.995	31.41426499359565
0.996	29.90232490493049
0.997	28.50213416241024
0.998	27.202809391369122
0.999	25.99476717236734
1.	24.869541606958396
1.001	23.81963111158119
1.002	22.83836920316625
1.003	21.919815072912044
1.004	21.05866055594934
1.005	20.250150745508325
1.006	19.490016009256284
1.007	18.77441357196465
1.008	18.09987715483883
1.009	17.463273424867328
1.01	16.861764220577683
1.011	16.292773693921824
1.012	15.753959649609518
1.013	15.243188479376963
1.014	14.758513184326766
1.015	14.298154057546952
1.016	13.860481664800348
1.017	13.444001815677447
1.018	13.047342263196544
1.019	12.669240908048724
1.02	12.308535315787458
1.0210000000000001	11.964153382338422
1.022	11.635105006085007
1.0230000000000001	11.320474644189291
1.024	11.019414647302053
1.0250000000000001	10.731139280869476
1.026	10.454919353261802
1.0270000000000001	10.190077381231976
1.028	9.93598323205329
1.0290000000000001	9.692050189282247
1.03	9.457731395656115
1.0310000000000001	9.23251663229846
1.032	9.015929398321402
1.0330000000000001	8.807524259170695
1.034	8.606884435771708
1.0350000000000001	8.413619609760561
1.036	8.22736392290942
1.0370000000000001	8.047774151317835
1.038	7.874528037107674
1.0390000000000001	7.707322762253244
1.04	7.5458735508496035
1.0410000000000001	7.3899123875885575
1.042	7.239186841510793
1.0430000000000001	7.093458985245107
1.044	6.952504400961219
1.045	6.81611126515872
1.046	6.684079505213337
1.047	6.556220021308621
1.048	6.432353968011642
1.049	6.312312090314433
1.05	6.195934109461467
1.051	6.083068154334362
1.052	5.9735702345631285
1.053	5.867303751894
1.054	5.764139046664449
1.055	5.663952976526258
1.056	5.566628524815989
1.057	5.472054436207325
1.058	5.380124877489267
1.059	5.29073912150525
1.06	5.203801252458671
1.061	5.119219890946546
1.062	5.036907937222168
1.063	4.956782331315826
1.064	4.878763828756719
1.065	4.802776790744843
1.066	4.728748987715286
1.067	4.656611415325296
1.068	4.586298121971176
1.069	4.5177460470154065
1.07	4.450894868968098
1.071	4.385686862927455
1.072	4.322066766637536
1.073	4.259981654571827
1.074	4.199380819495863
1.075	4.140215661004609
1.076	4.082439580567328
1.077	4.026007882648617
1.078	3.9708776815054154
1.079	3.9170078132899393
1.08	3.8643587531148786
1.081	3.8128925367626487
1.082	3.762572686742691
1.083	3.7133641424226016
1.084	3.665233193977456
1.085	3.618147419920439
1.086	3.572075627993513
1.087	3.5269877992129066
1.088	3.482855034877586
1.089	3.4396495063624815
1.09	3.3973444075296526
1.091	3.3559139096024295
1.092	3.315333118357106
1.093	3.27557803349707
1.094	3.236625510082422
1.095	3.1984532218970596
1.096	3.1610396266420135
1.097	3.124363932851906
1.098	3.088406068436888
1.099	3.053146650759604
1.1	3.0185669581615078
1.101	2.9846489028588894
1.102	2.9513750051333627
1.103	2.918728368746586
1.104	2.886692657512862
1.105	2.8552520729677946
1.106	2.824391333074273
1.107	2.7940956519111793
1.108	2.764350720292882
1.109	2.735142687271214
1.11	2.7064581424738203
1.111	2.6782840992361097
1.112	2.650607978485915
1.113	2.62341759334276
1.114	2.5967011343954844
1.115	2.5704471556243194
1.116	2.5446445609350747
1.117	2.5192825912753207
1.118	2.494350812303652
1.119	2.4698391025851856
1.12	2.4457376422875097
1.121	2.4220369023530166
1.122	2.398727634124678
1.123	2.3758008594036206
1.124	2.353247860917939
1.125	2.331060173183519
1.1260000000000001	2.309229573738254
1.127	2.287748074732492
1.1280000000000001	2.2666079148589584
1.129	2.245801551606766
1.1300000000000001	2.2253216538244462
1.131	2.2051610945781186
1.1320000000000001	2.1853129442912906
1.133	2.1657704641537294
1.1340000000000001	2.146527099787277
1.135	2.127576475157248
1.1360000000000001	2.1089123867184956
1.137	2.090528797785857
1.1380000000000001	2.0724198331191492
1.139	2.0545797737133675
1.1400000000000001	2.0370030517852302
1.141	2.0196842459476723
1.1420000000000001	2.0026180765640977
1.143	1.985799401274938
1.1440000000000001	1.9692232106890588
1.145	1.9528846242331985
1.1460000000000001	1.936778886152712
1.147	1.9209013616574455
1.1480000000000001	1.9052475332065983
1.149	1.8898129969269784
1.1500000000000001	1.8745934591590558
1.151	1.8586639441134098
1.1520000000000001	1.8429561719171752
1.153	1.8274658504031036
1.1540000000000001	1.8121887929051166
1.155	1.7971209151283731
1.1560000000000001	1.7822582321277742
1.157	1.7675968553907238
1.1580000000000001	1.7531329900198982
1.159	1.7388629320122564
1.1600000000000001	1.7247830656304308
1.161	1.7108898608629473
1.1620000000000001	1.6971798709698696
1.163	1.6836497301105637
1.1640000000000001	1.6702961510504288
1.165	1.6571159229436476
1.1660000000000001	1.6441059091890051
1.167	1.6312630453560932
1.1680000000000001	1.6185843371791842
1.169	1.6060668586163727
1.1700000000000002	1.5937077499714014
1.171	1.581504216075995
1.1720000000000002	1.5694535245303933
1.173	1.5575530040000087
1.174	1.5458000425660927
1.175	1.5341920861285412
1.176	1.522726636858887
1.177	1.5114012517017026
1.178	1.5002135409226867
1.179	1.4891611667017624
1.18	1.4782418417696026
1.181	1.467453328086036
1.182	1.4567934355588705
1.183	1.446260020801743
1.184	1.435850985929583
1.185	1.4255642773904427
1.186	1.4153978848324227
1.187	1.405349840004454
1.188	1.3954182156898443
1.189	1.3856011246714006
1.19	1.3758967187271176
1.191	1.366303187655366
1.192	1.3568187583286115
1.193	1.3474416937746705
1.194	1.3381702922846577
1.195	1.329002886546652
1.196	1.319937842804298
1.197	1.3109735600395067
1.198	1.3021084691784384
1.199	1.2933410323200454
1.2	1.2846697419864326
1.201	1.2760931203942893
1.202	1.2676097187468094
1.203	1.2592181165453122
1.204	1.2509169209200672
1.205	1.2427047659796022
1.206	1.2345803121779904
1.207	1.2277448206916186
1.208	1.221278677277421
1.209	1.214878849289343
1.21	1.2085443681227788
1.211	1.2022742833022966
1.212	1.1960676620695785
1.213	1.1899235889823454
1.214	1.1838411655239263
1.215	1.1778195097231738
1.216	1.1718577557843752
1.217	1.1659550537268966
1.218	1.1601105690342397
1.219	1.154323482312234
1.22	1.148592988956116
1.221	1.1423523309577985
1.222	1.1357144124101863
1.223	1.1291418006175367
1.224	1.1226335862991013
1.225	1.116188876383005
1.226	1.1098067936557894
1.227	1.1034864764207826
1.228	1.097227078165161
1.229	1.0910277672353308
1.23	1.084887726520497
1.231	1.0788061531440882
1.232	1.0727822581629096
1.233	1.066815266273708
1.234	1.0609044155270186
1.235	1.0552387263377685
1.236	1.0496664977860959
1.237	1.0441457481356466
1.238	1.0386758000755776
1.239	1.0332559877256957
1.24	1.0278856564022119
1.241	1.0225641623890793
1.242	1.0172908727148504
1.243	1.0120651649348302
1.244	1.0068864269184412
1.245	1.0017540566416103
1.246	0.996667461984076
1.247	0.9916260605314448
1.248	0.9866092098333872
1.249	0.9814419937459344
1.25	0.9763204705321279
1.2510000000000001	0.971244065897215
1.252	0.9662122148104787
1.2530000000000001	0.9612243613237079
1.254	0.956279958393864
1.2550000000000001	0.9513784677098047
1.256	0.9465193595229672
1.2570000000000001	0.941702112481896
1.258	0.9369262134705343
1.2590000000000001	0.9321911574501839
1.26	0.9274964473049909
1.2610000000000001	0.9228415936909261
1.262	0.9182626747360062
1.2630000000000001	0.9137858620285316
1.264	0.9093465057946576
1.2650000000000001	0.9049441585558489
1.266	0.9005783797051712
1.2670000000000001	0.896248735379005
1.268	0.8919547983315795
1.2690000000000001	0.8876961478122354
1.27	0.8834723694453777
1.2710000000000001	0.8792830551130296
1.272	0.875127802839915
1.2730000000000001	0.8710062166810435
1.274	0.8669179066116941
1.2750000000000001	0.8628624884197584
1.276	0.8587800130526226
1.2770000000000001	0.8546961495585436
1.278	0.8506449290372496
1.2790000000000001	0.8466259791411392
1.28	0.8426389329872161
1.2810000000000001	0.8386834290595441
1.282	0.8347591111137745
1.2830000000000001	0.8308656280836283
1.284	0.8270026339893668
1.2850000000000001	0.8231697878481419
1.286	0.8193667535862084
1.2870000000000001	0.8155931999529423
1.288	0.8118488004366455
1.2890000000000001	0.8081332331820548
1.29	0.8046851956183716
1.2910000000000001	0.801287971473122
1.292	0.7979163464246402
1.2930000000000001	0.7945700424216617
1.294	0.7912487853058334
1.2950000000000002	0.7879523047453291
1.296	0.7846803341698205
1.2970000000000002	0.7814326107067451
1.298	0.778208875118836
1.2990000000000002	0.7750088717428922
1.3	0.7718323484297752
1.301	0.7686790564855761
1.302	0.7655487506139448
1.303	0.7623822792176707
1.304	0.7589658376991045
1.305	0.7555744833504335
1.306	0.7522079533111515
1.307	0.7488659882716733
1.308	0.7455483324149499
1.309	0.7422547333591935
1.31	0.7389849421017327
1.311	0.7357387129639247
1.312	0.732515803537137
1.313	0.7293159746297478
1.314	0.7261389902151728
1.315	0.722984617380874
1.316	0.7198526262783163
1.317	0.7168129642047306
1.318	0.7138808092251419
1.319	0.7109690679740626
1.32	0.70807753589684
1.321	0.7052060110861885
1.322	0.7023542942404384
1.323	0.6995221886225755
1.324	0.6967095000200242
1.325	0.6939160367051711
1.326	0.6911416093966299
1.327	0.6883860312211975
1.328	0.6856491176765281
1.329	0.6829306865944648
1.33	0.6802305581050554
1.331	0.6776017470448161
1.332	0.6750112006687841
1.333	0.67243785990809
1.334	0.6698815594125528
1.335	0.6673421358872131
1.336	0.6648194280611731
1.337	0.6623132766570184
1.338	0.6598235243607671
1.339	0.657350015792362
1.34	0.6548925974766788
1.341	0.6524511178150466
1.342	0.650025427057276
1.343	0.6476153772741667
1.344	0.6452208223305117
1.345	0.6427721625487733
1.346	0.6403385145188232
1.347	0.6379204542899446
1.348	0.6355178376733231
1.349	0.6331305222071113
1.35	0.6307583671311924
1.351	0.6284012333624047
1.352	0.6260589834701626
1.353	0.6237314816525151
1.354	0.6214185937125983
1.355	0.6191201870355094
1.356	0.6168361305655379
1.357	0.614566294783827
1.358	0.6123279782914766
1.359	0.6101527394106797
1.36	0.6079908607179945
1.361	0.6058422230468323
1.362	0.6037067086086588
1.363	0.6015842009735701
1.364	0.5994745850511474
1.365	0.5973777470716705
1.366	0.5952935745676105
1.367	0.5932219563554498
1.368	0.5911627825177859
1.369	0.589115944385745
1.37	0.5870813345216568
1.371	0.5850588467020532
1.372	0.5829469454719358
1.373	0.5807586557056126
1.374	0.5785835323113123
1.375	0.5764214617096352
1.3760000000000001	0.5742723315923015
1.377	0.572136030904786
1.3780000000000001	0.5700124498292468
1.379	0.5679014797677117
1.3800000000000001	0.5658030133255445
1.381	0.5637169442951774
1.3820000000000001	0.5616431676400848
1.383	0.5595815794790364
1.3840000000000001	0.5575320770705835
1.385	0.5554945587977941
1.3860000000000001	0.5536143967822299
1.387	0.5517806601683817
1.3880000000000001	0.5499573631091157
1.389	0.5481444190098052
1.3900000000000001	0.5463417422095896
1.391	0.5445492479690757
1.3920000000000001	0.5427668524582329
1.393	0.5409944727444743
1.3940000000000001	0.539232026780933
1.395	0.5374794333949018
1.3960000000000001	0.5357366122764596
1.397	0.5340034839672785
1.3980000000000001	0.5322799698495898
1.399	0.5305574785773793
1.4000000000000001	0.5287376724164237
1.401	0.5269280148570373
1.4020000000000001	0.5251284242153486
1.403	0.5233388196630105
1.4040000000000001	0.5215591212162537
1.405	0.5197892497251051
1.4060000000000001	0.5180291268627729
1.407	0.5162786751151985
1.4080000000000001	0.5145378177707416
1.409	0.5128064789100419
1.4100000000000001	0.5110845833960265
1.411	0.5093720568640575
1.4120000000000001	0.5076688257122323
1.413	0.5059558431218791
1.4140000000000001	0.5042161625640796
1.415	0.5024859276547339
1.4160000000000001	0.5007650648007427
1.417	0.49905350115588193
1.4180000000000001	0.4973511646115316
1.419	0.4956579837875623
1.4200000000000002	0.49397388802333614
1.421	0.49229880736884807
1.4220000000000002	0.49063267257598747
1.423	0.48897541508994347
1.4240000000000002	0.48732696704071377
1.425	0.4856872612347519
1.4260000000000002	0.4840562311467205
1.427	0.4818540990220751
1.428	0.4793044946419457
1.429	0.4767709026361732
1.43	0.47425319635797736
1.431	0.4717512504259241
1.432	0.46926494070852437
1.433	0.46679414430904875
1.434	0.4643387395505606
1.435	0.46189860596115656
1.436	0.4594736242594351
1.437	0.4570636763401451
1.438	0.4546686452600572
1.439	0.45228841522402924
1.44	0.4499228715712698
1.441	0.44796582597796963
1.442	0.4460700816280178
1.443	0.4441848836828493
1.444	0.4423101535884306
1.445	0.44044581354545015
1.446	0.43859178650045716
1.447	0.4367479961371137
1.448	0.43491436686757945
1.449	0.43348365004612927
1.45	0.4334096835688874
1.451	0.433335677390971
1.452	0.43326163676428336
1.453	0.4331875669384446
1.454	0.4330802417967708
1.455	0.4327950158016903
1.456	0.43250976563319965
1.457	0.432224496555809
1.458	0.4319392138214996
1.459	0.43165391804341946
1.46	0.4313685995636365
1.461	0.43108328405312585
1.462	0.4307979775210731
1.463	0.4305126859628078
1.464	0.430227415359774
1.465	0.42994217167951637
1.466	0.42965696087564853
1.467	0.42937178888783745
1.468	0.4291111282084657
1.469	0.42888316150227995
1.47	0.4286552439831222
1.471	0.4284273815463258
1.472	0.4281995800763404
1.473	0.42797190260304635
1.474	0.427744321761291
1.475	0.42751681497820104
1.476	0.42728938539310085
1.477	0.42706203613712357
1.478	0.4268347703332129
1.479	0.4266075910961218
1.48	0.4263805015324097
1.481	0.42615350474044844
1.482	0.42575760439589644
1.483	0.42528921379779194
1.484	0.4248210077823791
1.485	0.4243529893539953
1.486	0.42388517612317095
1.487	0.42341778390411283
1.488	0.4229505798152396
1.489	0.42248355903202367
1.49	0.42201671674084107
1.491	0.4215500481390143
1.492	0.4210835484348851
1.493	0.42061721284785714
1.494	0.42015103660846215
1.495	0.41968501495841243
1.496	0.4188839092308192
1.497	0.4180730382929354
1.498	0.4172626683699941
1.499	0.41645279514480166
1.5	0.41564350626565766
1.5010000000000001	0.4148348972852137
1.502	0.4140267597897992
1.5030000000000001	0.4132190806367568
1.504	0.41241184677258524
1.5050000000000001	0.41160504523303093
1.506	0.4107986631431751
1.5070000000000001	0.4099926877175292
1.508	0.40918710626013216
1.5090000000000001	0.40838190616464687
1.51	0.4076699555364039
1.5110000000000001	0.40709227703687945
1.512	0.40651466717550416
1.5130000000000001	0.405937113096882
1.514	0.4053595049501685
1.5150000000000001	0.4047818067568134
1.516	0.4042041361357028
1.5170000000000001	0.40362648722473937
1.518	0.40304885419012565
1.5190000000000001	0.40247123122645473
1.52	0.4018936125568057
1.5210000000000001	0.40131599243282795
1.522	0.4007432866882467
1.5230000000000001	0.40031821927983063
1.524	0.3998930156824209
1.5250000000000001	0.39946766985238447
1.526	0.3990421757648019
1.5270000000000001	0.3986165274135589
1.528	0.39819056379464524
1.5290000000000001	0.3977642334197159
1.53	0.3973377466307708
1.5310000000000001	0.39691110836903626
1.532	0.3964843235591432
1.5330000000000001	0.3960573971091006
1.534	0.3956303339102633
1.5350000000000001	0.3952031388373004
1.536	0.39477581674816836
1.5370000000000001	0.39412983074379315
1.538	0.3929820253444653
1.5390000000000001	0.3918352071117138
1.54	0.39068938340136944
1.5410000000000001	0.3895445615225076
1.542	0.3884008400859249
1.5430000000000001	0.3872583441808779
1.544	0.38611685883435276
1.5450000000000002	0.38497638227190206
1.546	0.38383691277014703
1.5470000000000002	0.382698448656779
1.548	0.38156098831056395
1.5490000000000002	0.3804245301613368
1.55	0.3793049722295208
1.5510000000000002	0.3784639619596525
1.552	0.37762332229249107
1.5530000000000002	0.3767830504768731
1.554	0.3759431437977017
1.5550000000000002	0.3751035995759915
1.556	0.37426440902322977
1.557	0.3734253783526818
1.558	0.3725867090354967
1.559	0.3717484044521797
1.56	0.3709104679717803
1.561	0.37007290295192463
1.562	0.3692357127388309
1.563	0.3683989006673409
1.564	0.3675235871418441
1.565	0.36656808675479474
1.566	0.36561321051618817
1.567	0.3646589622541704
1.568	0.3637053457841493
1.569	0.3627523649088325
1.57	0.36180002341825696
1.571	0.36084836026068473
1.572	0.359897362676364
1.573	0.3589470130082107
1.574	0.3579973134459851
1.575	0.3570482661820611
1.576	0.3560998734114631
1.577	0.35515213733189116
1.578	0.3542416909119621
1.579	0.353356627893228
1.58	0.352472097443111
1.581	0.35158810148261194
1.582	0.3507046419352322
1.583	0.3498217207269997
1.584	0.3489393397865
1.585	0.34805750976780636
1.586	0.3471762938111992
1.587	0.3462956211994279
1.588	0.34541549167117697
1.589	0.34453590498830017
1.59	0.3436568609358406
1.591	0.3427783593220576
1.592	0.341807255381592
1.593	0.34082263166716525
1.594	0.3398387939982898
1.595	0.33885574282211767
1.596	0.3378734786123707
1.597	0.3368920018693445
1.598	0.3359113131199167
1.599	0.33493141291755124
1.6	0.3339522471249367
1.601	0.33297380334885673
1.602	0.33199615537907057
1.603	0.3310193072473046
1.604	0.3300432629748673
1.605	0.3290545825366214
1.606	0.32798285181555237
1.607	0.32691219652216574
1.608	0.325842621185858
1.609	0.32477413032464764
1.61	0.32370672844521614
1.611	0.32264042004294285
1.612	0.3215752096019433
1.613	0.320511101595108
1.614	0.3194481004841355
1.615	0.3183862590692542
1.616	0.31732555905558757
1.617	0.31626597554461156
1.618	0.31520751095057015
1.619	0.31416950264913374
1.62	0.31316047243696343
1.621	0.31215243377549456
1.622	0.3111453888592199
1.623	0.3101393398963621
1.624	0.3091342891088715
1.625	0.30813023873243117
1.6260000000000001	0.30712719101645797
1.627	0.30612514822410336
1.6280000000000001	0.30512411263225464
1.629	0.3041240865315351
1.6300000000000001	0.3031250455818007
1.631	0.302127008176503
1.6320000000000001	0.3011299891189448
1.633	0.3000660554370327
1.6340000000000001	0.2989714132028555
1.635	0.29787810427552996
1.6360000000000001	0.2967861326139079
1.637	0.2956955021781826
1.6380000000000001	0.29460621692990185
1.639	0.29351828083197645
1.6400000000000001	0.2924316978486943
1.641	0.29134647194572916
1.6420000000000001	0.2902626070901506
1.643	0.28918010725043974
1.6440000000000001	0.28809897639649035
1.645	0.2870192380776064
1.6460000000000001	0.2859408875427926
1.647	0.2848814334662142
1.6480000000000001	0.28382420830094135
1.649	0.28276830771671807
1.6500000000000001	0.2817137348028963
1.651	0.28066049266152027
1.6520000000000001	0.27960858440731484
1.653	0.2785580131676721
1.6540000000000001	0.27750878208262597
1.655	0.27646089430484533
1.6560000000000001	0.2754143529996084
1.657	0.27436916134478845
1.6580000000000001	0.2733253225308337
1.659	0.2722828397607484
1.6600000000000001	0.2712233746868242
1.661	0.2701011466334755
1.6620000000000001	0.2689805818510539
1.663	0.2678616856872626
1.6640000000000001	0.2667444634785822
1.665	0.2656289205503049
1.6660000000000001	0.26451506221656584
1.667	0.2634028937803755
1.6680000000000001	0.2622924205336511
1.669	0.2611836477572491
1.6700000000000002	0.2600765807209973
1.671	0.2589712246837279
1.6720000000000002	0.25786758489330797
1.673	0.2567656665866711
1.6740000000000002	0.2556907758615336
1.675	0.2546435247014809
1.6760000000000002	0.253597919319628
1.677	0.2525538575333714
1.6780000000000002	0.25151134143565174
1.679	0.2504703731527035
1.6800000000000002	0.24943095484396707
1.681	0.24839308870200205
1.6820000000000002	0.24735677695239539
1.683	0.2463220218536722
1.6840000000000002	0.24528882569720187
1.685	0.24425719080710853
1.686	0.24322711954017295
1.687	0.24219861428573888
1.688	0.24111023282146776
1.689	0.24000469557855372
1.69	0.23890105552285026
1.691	0.23779922677367313
1.692	0.23669923468293447
1.693	0.23560115656514505
1.694	0.23450499945824643
1.695	0.2334107703649443
1.696	0.23231847625281613
1.697	0.2312281240544087
1.698	0.23013972066734495
1.699	0.22905327295442737
1.7	0.2279687877437424
1.701	0.2268876617283068
1.702	0.22584713455825445
1.703	0.22480841815768748
1.704	0.22377151891389394
1.705	0.22273644318152258
1.706	0.22170319728268678
1.707	0.22067191982676576
1.708	0.2196424920240273
1.709	0.21861490507996365
1.71	0.2175891618198944
1.711	0.21656526509906987
1.712	0.21554321780255406
1.713	0.21452302284510483
1.714	0.2135046831710545
1.715	0.2124722152154906
1.716	0.21140544034170636
1.717	0.21034076637207938
1.718	0.2092781967832447
1.719	0.20821773508194683
1.72	0.20715938480488913
1.721	0.20610314951858485
1.722	0.20504902118271165
1.723	0.20399693813059447
1.724	0.20294698411186052
1.725	0.20189916487816997
1.726	0.20085348616848073
1.727	0.19980995370906704
1.728	0.19876857321353458
1.729	0.1977411250241668
1.73	0.19672440955460624
1.731	0.1957097644383585
1.732	0.19469719517066664
1.733	0.19368670723462036
1.734	0.19267830610117764
1.735	0.19167199722917988
1.736	0.19066778606536844
1.737	0.1896656780444008
1.738	0.1886656783791953
1.739	0.1876677918637766
1.74	0.18667202476137623
1.741	0.18567838248221205
1.742	0.18468687042400667
1.743	0.1836820442822521
1.744	0.1826766651372732
1.745	0.18167352484368726
1.746	0.18067262890016436
1.747	0.17967398279256455
1.748	0.17867759199396557
1.749	0.17768346196467424
1.75	0.17669159815224997
1.7510000000000001	0.1757020059915205
1.752	0.1747146909046048
1.7530000000000001	0.17372965830092796
1.754	0.17274691140600237
1.7550000000000001	0.17176644204783742
1.756	0.17079319324786435
1.7570000000000001	0.16985873908498647
1.758	0.1689263775474965
1.7590000000000001	0.1679961140104573
1.76	0.16706795382875556
1.7610000000000001	0.16614190233715498
1.762	0.16521796485036178
1.7630000000000001	0.16429614666308137
1.764	0.1633764530500811
1.7650000000000001	0.16245888926624702
1.766	0.1615434605466504
1.7670000000000001	0.16063017210660333
1.768	0.15971902914172345
1.7690000000000001	0.15881003682799555
1.77	0.15788261709317092
1.7710000000000001	0.15692533934027597
1.772	0.15597052606645342
1.7730000000000001	0.15501817598531914
1.774	0.15406829350856732
1.7750000000000001	0.15312088305397392
1.776	0.15217594904531503
1.7770000000000001	0.15123349591228155
1.778	0.15029352809039553
1.7790000000000001	0.14935605002092187
1.78	0.1484210661507837
1.7810000000000001	0.1474885809324732
1.782	0.14655859882396388
1.7830000000000001	0.14563112428862285
1.784	0.1447695747287458
1.7850000000000001	0.14394269370214263
1.786	0.14311778377981457
1.7870000000000001	0.14229484025777084
1.788	0.14147386745234333
1.7890000000000001	0.14065487749496164
1.79	0.1398378744240717
1.7910000000000001	0.13902286227528673
1.792	0.13820984508135914
1.7930000000000001	0.13739882687215305
1.794	0.13658981167461576
1.7950000000000002	0.13578280351274763
1.796	0.13497780640757376
1.7970000000000002	0.13417482437711423
1.798	0.13330204758682082
1.7990000000000002	0.13242644615517668
1.8	0.1315533326300854
1.8010000000000002	0.130682711676516
1.802	0.12981458795497391
1.8030000000000002	0.1289489661214575
1.804	0.12808582666758497
1.8050000000000002	0.12722519872124846
1.806	0.12636708794243717
1.8070000000000002	0.12551149947478496
1.808	0.1246584384433637
1.8090000000000002	0.1238079099547299
1.81	0.12295991909697354
1.8110000000000002	0.12213324230358612
1.812	0.12138277354464197
1.813	0.12063427954522576
1.814	0.11988776452783151
1.815	0.11914323269988178
1.816	0.11840068825376245
1.817	0.11766013536686507
1.818	0.11692157820162369
1.819	0.11618502090555628
1.82	0.11545048826407811
1.821	0.11471801092514315
1.822	0.11398754315838995
1.823	0.11325908764516276
1.824	0.11253264708787827
1.825	0.11178260148513228
1.826	0.11100631645492667
1.827	0.1102324022790377
1.828	0.10946086221272411
1.829	0.10869169953211695
1.83	0.10792491753399358
1.831	0.10716051953555239
1.832	0.10639850887418459
1.833	0.10563888890724539
1.834	0.10488166301182365
1.835	0.10412683458451018
1.836	0.10337440704116428
1.837	0.10262435020159322
1.838	0.10187666308638076
1.839	0.10116393316675182
1.84	0.10046454452719578
1.841	0.09976727996347198
1.842	0.09907214397207145
1.843	0.09837914102705805
1.844	0.09768827558014015
1.845	0.0969995520607402
1.846	0.09631297487606563
1.847	0.09562854841118158
1.848	0.094946277029081
1.849	0.09426616507075762
1.85	0.09358821685527716
1.851	0.09291243667985104
1.852	0.09223898759625698
1.853	0.09157796654165129
1.854	0.0909190708810326
1.855	0.09026230624160568
1.856	0.08960765623671212
1.857	0.08895512422235492
1.858	0.08830471355486914
1.859	0.08765642759083767
1.86	0.08701026968700315
1.861	0.08636624320018278
1.862	0.08572435148717931
1.863	0.08508459790469333
1.864	0.0844469858092344
1.865	0.08381151855703207
1.866	0.08318529543493611
1.867	0.0825788106369217
1.868	0.08197430219968349
1.869	0.08137177325887004
1.87	0.08077122694989654
1.871	0.08017266616804818
1.872	0.07957609379031015
1.873	0.07898151347809823
1.874	0.07838892837940514
1.875	0.07779834164113052
1.8760000000000001	0.07720975640899841
1.877	0.07662317582747157
1.8780000000000001	0.07603860303966727
1.879	0.0754560411872727
1.8800000000000001	0.07489277420750068
1.881	0.07434508603960822
1.8820000000000001	0.07379919190675911
1.883	0.07325509467245885
1.8840000000000001	0.07271279719909662
1.885	0.07217230234786977
1.8860000000000001	0.07163361297870403
1.887	0.07109673195017728
1.8880000000000001	0.0705616620410057
1.889	0.07002839850119766
1.8900000000000001	0.06949695213059164
1.891	0.06896732592994663
1.8920000000000001	0.06843952289374225
1.893	0.06791354601013411
1.8940000000000001	0.06739510688189737
1.895	0.06687963794750001
1.8960000000000001	0.06636595243572473
1.897	0.06585405324906825
1.8980000000000001	0.0653439432837182
1.899	0.06483562542950999
1.9000000000000001	0.0643291025698788
1.901	0.06382437758181429
1.9020000000000001	0.06332145333581314
1.903	0.06282033269583177
1.9040000000000001	0.06232101851923855
1.905	0.061823513656767144
1.9060000000000001	0.061327821804163164
1.907	0.060836964830370724
1.9080000000000001	0.06037526600750257
1.909	0.05991515463971184
1.9100000000000001	0.059456633254664305
1.911	0.058999704375154415
1.9120000000000001	0.05854437051905688
1.913	0.058090634199275744
1.9140000000000001	0.05763849792369332
1.915	0.05718796419512098
1.9160000000000001	0.056739035511246635
1.917	0.05629171436458344
1.9180000000000001	0.05584600324241837
1.919	0.055401904626759306
1.9200000000000002	0.05495942099428257
1.921	0.054530650254949437
1.9220000000000002	0.05412392577589361
1.923	0.053718575824581234
1.9240000000000002	0.05331459825914648
1.925	0.052911999300161265
1.9260000000000002	0.0525107816422632
1.927	0.05211094754111025
1.9280000000000002	0.05171249924523146
1.929	0.05131543899600301
1.9300000000000002	0.050919769027622165
1.931	0.05052549156708479
1.9320000000000002	0.05013260883415796
1.933	0.04974112304135654
1.9340000000000002	0.04935103639391607
1.935	0.04897409346620799
1.9360000000000002	0.048605018466417446
1.937	0.04823721059418569
1.9380000000000002	0.047870671879472984
1.939	0.04750540434566866
1.94	0.047141410009565544
1.941	0.04677869162877593
1.942	0.04641725642481564
1.943	0.04605710019400524
1.944	0.045698224805348124
1.945	0.04534063212493087
1.946	0.0449843240158675
1.947	0.04462930233824338
1.948	0.044275568949057945
1.949	0.04393836969125749
1.95	0.04360381271930362
1.951	0.043270421451532766
1.952	0.04293819760192712
1.953	0.04260714288172766
1.954	0.04227725899938278
1.955	0.041948547660494946
1.956	0.041621010567768436
1.957	0.041294649420955745
1.958	0.04096946591680468
1.959	0.0406454620481288
1.96	0.040322640752397235
1.961	0.040001002104842164
1.962	0.03968183946720993
1.963	0.03936960219674364
1.964	0.03905849718123297
1.965	0.0387485260111397
1.966	0.038439690274782494
1.967	0.03813199155827377
1.968	0.037825431445457934
1.969	0.03752001151784758
1.97	0.03721573335456082
1.971	0.03691259853225711
1.972	0.03661060862507377
1.973	0.036309765204560564
1.974	0.036010069839615876
1.975	0.035711524096420776
1.976	0.035448507832206336
1.977	0.035227622957330944
1.978	0.03500733670000653
1.979	0.034787661146456
1.98	0.034568597497510116
1.981	0.03435014694881303
1.982	0.03413231069082186
1.983	0.03391508990880474
1.984	0.03369848578284106
1.985	0.03348249948781917
1.986	0.03326713219343613
1.987	0.03305238506419603
1.988	0.032838259259409225
1.989	0.03262475593319089
1.99	0.032432309123841666
1.991	0.03224809970807305
1.992	0.032064346280099076
1.993	0.03188104979118551
1.994	0.03169821118874997
1.995	0.03151583141636189
1.996	0.03133391623698804
1.997	0.031152463316900036
1.998	0.030971471769266467
1.999	0.030790942411767122
2.	0.03061087606081032
2.001	0.030431273531517228
2.002	0.030252135637706973
2.003	0.030073463191881505
2.004	0.029967340790449958
2.005	0.02986165740931005
2.006	0.029756104068123578
2.007	0.02965068114341867
2.008	0.029545389011864286
2.009	0.029440228050267567
2.01	0.029335198635572168
2.011	0.029230301144854875
2.012	0.029125535955324536
2.013	0.029020903444318583
2.014	0.02891640472562063
2.015	0.028812041308856107
2.016	0.02870781162983207
2.017	0.028601562488005782
2.018	0.02848954540510703
2.019	0.028377693134374556
2.02	0.028266006057546117
2.021	0.028154484557042544
2.0220000000000002	0.02804312901596198
2.023	0.02793193981807445
2.024	0.02782091734781522
2.025	0.027710061990279932
2.0260000000000002	0.027599374131217765
2.027	0.027488854157026198
2.028	0.027378502454744307
2.029	0.02726831941204713
2.0300000000000002	0.027158305417239254
2.031	0.0270586403511788
2.032	0.026967845351576637
2.033	0.026877148034241728
2.0340000000000003	0.026786550008916304
2.035	0.02669605326002727
2.036	0.026605658144888644
2.037	0.026515365020540076
2.0380000000000003	0.026425174243745755
2.039	0.026335086170994042
2.04	0.02624510115849549
2.041	0.02615521956218274
2.0420000000000003	0.026065441737708975
2.043	0.02597576804044712
2.044	0.02588619882548865
2.045	0.02578837749459541
2.0460000000000003	0.02568871755435906
2.047	0.02558920103244647
2.048	0.025489828342376033
2.049	0.025390599897201636
2.0500000000000003	0.025291516109511174
2.051	0.02519257739142376
2.052	0.025093784812727483
2.053	0.02499513823631375
2.0540000000000003	0.024896637933906254
2.055	0.024798284302959443
2.056	0.024700077740646455
2.057	0.024602018643856152
2.0580000000000003	0.02450452155168235
2.059	0.024411952442235495
2.06	0.02431951164646705
2.061	0.024227199530232082
2.0620000000000003	0.024135016459180394
2.063	0.024042962798754553
2.064	0.023951038914187442
2.065	0.023859245170500126
2.0660000000000003	0.02376758193249942
2.067	0.023676049564775876
2.068	0.023584648431700994
2.069	0.02349337889742541
2.07	0.023402241325876223
2.071	0.02331123335694909
2.072	0.023218999080274083
2.073	0.02312439123658702
2.074	0.02302993265444865
2.075	0.022935623768520836
2.076	0.02284146501234457
2.077	0.022747456818338833
2.078	0.02265359961780067
2.079	0.022559893840904885
2.08	0.022466339916703694
2.081	0.022372938273126138
2.082	0.022279689336978267
2.083	0.022186593533942103
2.084	0.022093651288576138
2.085	0.022000863024314227
2.086	0.021913428328024575
2.087	0.021829287132695295
2.088	0.021745266762257957
2.089	0.021661367589138177
2.09	0.021577589702472914
2.091	0.021493933640943232
2.092	0.021410399902300755
2.093	0.021326988861756876
2.094	0.021243700893536988
2.095	0.02116053637088085
2.096	0.0210774956660427
2.097	0.020994579150291813
2.098	0.020911787193912793
2.099	0.020829120166205906
2.1	0.02074645077079946
2.101	0.020663892206645922
2.102	0.020581460258408787
2.103	0.020499155292237545
2.104	0.020416977673295044
2.105	0.020334927765758
2.106	0.020253005932817595
2.107	0.020171212536679462
2.108	0.0200895479385645
2.109	0.02000801439437556
2.11	0.019926613539121892
2.111	0.01984534241395984
2.112	0.019764201296927228
2.113	0.019684045507821143
2.114	0.019608385493278528
2.115	0.019532834763605074
2.116	0.019457393569286306
2.117	0.019382062161135957
2.118	0.01930684079029342
2.119	0.01923172970822067
2.12	0.019156729166699374
2.121	0.019081839417827137
2.122	0.0190070607140152
2.123	0.018932393307984744
2.124	0.01885783745276391
2.125	0.018783393401684643
2.126	0.018709061408379208
2.1270000000000002	0.01863519490212837
2.128	0.018561898474130804
2.129	0.018488711378230063
2.13	0.01841563397423619
2.1310000000000002	0.018342666535832473
2.132	0.018269809316104862
2.133	0.01819706256839148
2.134	0.01812442654627956
2.1350000000000002	0.018051901503602235
2.136	0.01797948769443528
2.137	0.017907185373093756
2.138	0.017834994794128967
2.1390000000000002	0.017762916212324772
2.14	0.01769094988269462
2.141	0.017621002818375968
2.142	0.01755195546917763
2.1430000000000002	0.01748300975434693
2.144	0.017414165914453324
2.145	0.017345424190315133
2.146	0.01727678482299632
2.1470000000000002	0.017208248053803846
2.148	0.017139813126124538
2.149	0.017071476453087927
2.15	0.017003243247392063
2.1510000000000002	0.016935113839069756
2.152	0.016867088557012175
2.153	0.016799167728969253
2.154	0.016731351681551297
2.1550000000000002	0.016666962940400633
2.156	0.016602746222827248
2.157	0.016538620928913828
2.158	0.016474587361412597
2.1590000000000003	0.016410645822053854
2.16	0.016346796611547115
2.161	0.01628304002958251
2.162	0.016219376374831715
2.1630000000000003	0.01615580594494945
2.164	0.016092329036574773
2.165	0.016028945945332076
2.166	0.015965656965832475
2.1670000000000003	0.01590246239167507
2.168	0.01583867760413453
2.169	0.01577290789719834
2.17	0.015707245349012657
2.1710000000000003	0.015641690128879865
2.172	0.015576242407216776
2.173	0.015510902355548379
2.174	0.015445670146501347
2.1750000000000003	0.015380545953797564
2.176	0.015315529952248068
2.177	0.015250622317745821
2.178	0.015185823227259913
2.1790000000000003	0.01512113285882834
2.18	0.015056551391551822
2.181	0.014992079005586764
2.182	0.014931429200119573
2.1830000000000003	0.014874317523859053
2.184	0.014817283929790282
2.185	0.014760328559807896
2.186	0.01470345155682694
2.1870000000000003	0.014646653064778612
2.188	0.014589930984954348
2.189	0.014533280682142925
2.19	0.014476709559078671
2.1910000000000003	0.014420217898394769
2.192	0.01436380598167337
2.193	0.014307474089446237
2.194	0.014251222501196308
2.1950000000000003	0.01419505149535868
2.196	0.014138727662828065
2.197	0.014082423681503291
2.198	0.014026202402330651
2.199	0.013970064101365762
2.2	0.013914009053612873
2.201	0.013858037533026012
2.202	0.013802149812510312
2.203	0.013746346163923348
2.204	0.013690626858076602
2.205	0.013634992164736763
2.206	0.013579442352626918
2.207	0.013523977689428169
2.208	0.013468598441780848
2.209	0.013413387120406631
2.21	0.013359411209415112
2.211	0.013305515682896217
2.212	0.013251700676301435
2.213	0.013197966325991215
2.214	0.013144312769230638
2.215	0.013090740144184322
2.216	0.013037248589912034
2.217	0.012983838246363752
2.218	0.012930509254374936
2.219	0.012877261755661657
2.22	0.012824095892815785
2.221	0.012771011809300098
2.222	0.012718009649443222
2.223	0.012665697337162461
2.224	0.012614689688826699
2.225	0.012563755980360565
2.226	0.012512896347686382
2.227	0.012462110927564083
2.228	0.0124113998575868
2.229	0.012360759144087949
2.23	0.012310189910031473
2.231	0.012259695658085894
2.232	0.012209276631079248
2.233	0.01215893307100899
2.234	0.012108665219042244
2.235	0.012058473315516401
2.236	0.012008357599939243
2.237	0.011958957497429028
2.238	0.011910052625219651
2.239	0.01186121968238641
2.24	0.011812458898138114
2.241	0.011763770500888362
2.242	0.01171515471825535
2.243	0.011666611777062722
2.244	0.011618141903339365
2.245	0.011569745322320048
2.246	0.011521422258445557
2.247	0.011473172935362977
2.248	0.011424997575925987
2.249	0.011376896402195368
2.25	0.011328873350220673
2.251	0.011280745616609683
2.2520000000000002	0.011232667425646959
2.253	0.011184665114541194
2.254	0.01113673885082391
2.255	0.011088888802114108
2.2560000000000002	0.011041115136115604
2.257	0.010993418020614178
2.258	0.010945797623474874
2.259	0.01089825411263893
2.2600000000000002	0.010850787656121349
2.261	0.010803398422007556
2.262	0.01075608657845078
2.263	0.01070885229366914
2.2640000000000002	0.010662168560622853
2.265	0.010618365510462259
2.266	0.010574624298271834
2.267	0.010530945069486626
2.2680000000000002	0.010487327969619785
2.269	0.010443773144259963
2.27	0.010400280598450256
2.271	0.0103568497621457
2.2720000000000002	0.010313481660225287
2.273	0.010270176451977437
2.274	0.010226934296532146
2.275	0.01018375535285886
2.2760000000000002	0.010140639779763892
2.277	0.010097587735888388
2.278	0.010054724087359412
2.279	0.01001209908788255
2.2800000000000002	0.009969536586973705
2.281	0.009927036740328968
2.282	0.009884599703470071
2.283	0.009842225631741648
2.2840000000000003	0.009799914680308833
2.285	0.009757667004154879
2.286	0.00971548275807816
2.287	0.009673362096689824
2.2880000000000003	0.009631305174411032
2.289	0.009589312145470274
2.29	0.009547383163900636
2.291	0.009505518427613784
2.2920000000000003	0.009463582422398108
2.293	0.00942164954111872
2.294	0.009379782351493232
2.295	0.009337981003695265
2.2960000000000003	0.009296245647760768
2.297	0.009254576433584804
2.298	0.009212973510918087
2.299	0.009171437029363665
2.3000000000000003	0.00912996713837363
2.301	0.009088563987245649
2.302	0.009047227725119351
2.303	0.00900595850097299
2.3040000000000003	0.008964756463619656
2.305	0.008923621761703904
2.306	0.00888561013033056
2.307	0.008847787298717871
2.3080000000000003	0.008810015103425614
2.309	0.008772293665568752
2.31	0.00873462310607942
2.311	0.00869700354570273
2.3120000000000003	0.008659435104992685
2.313	0.008621917554490424
2.314	0.008584451349089554
2.315	0.008547036636030713
2.3160000000000003	0.00850967353980842
2.317	0.008472362184621975
2.318	0.008435102694370722
2.319	0.008397840009137158
2.3200000000000003	0.008360443155312891
2.321	0.008323099859932716
2.322	0.008285810247883132
2.323	0.008248574443728226
2.3240000000000003	0.00821139257170504
2.325	0.008174264755718415
2.326	0.008137191119335918
2.327	0.008100171785782772
2.328	0.008063206877936682
2.329	0.008026296518322356
2.33	0.007989440829106204
2.331	0.007952639932090754
2.332	0.007915893948709087
2.333	0.007879320489652246
2.334	0.007842919427606784
2.335	0.007806572422977416
2.336	0.007770279442856412
2.337	0.007734040600488754
2.338	0.007697856008785315
2.339	0.007661725780315886
2.34	0.007625650027302452
2.341	0.0075896288616124005
2.342	0.007553662394751507
2.343	0.0075177507378566535
2.344	0.007481894001688618
2.345	0.007446092296624724
2.346	0.007410345732651247
2.347	0.007376360188930041
2.348	0.007342928776132523
2.349	0.007309539651724919
2.35	0.007276192900065226
2.351	0.007242888605030809
2.352	0.007209626850008781
2.353	0.0071764077178863555
2.354	0.007143231291040885
2.355	0.007110097651329614
2.356	0.007077006557710763
2.357	0.007043958403119675
2.358	0.007010953289098247
2.359	0.006977991299480102
2.36	0.0069450032634230455
2.361	0.0069104294675595415
2.362	0.006875909691404432
2.363	0.006841444035955838
2.364	0.006807032601564043
2.365	0.0067726754879204355
2.366	0.0067383727940465155
2.367	0.006704124618282406
2.368	0.0066699310582752315
2.369	0.006635792210967177
2.37	0.006601708172583505
2.371	0.006567679038619941
2.372	0.006533704903830193
2.373	0.006499785862212897
2.374	0.006466969482183875
2.375	0.006436508107014733
2.376	0.006406080174531955
2.3770000000000002	0.006375685687078823
2.378	0.0063453245044073564
2.379	0.006314996907487846
2.38	0.0062847029432592395
2.3810000000000002	0.006254442657554066
2.382	0.006224216095079054
2.383	0.006194023299394651
2.384	0.006163864312894467
2.3850000000000002	0.006133739176784083
2.386	0.006103647931059469
2.387	0.006073590614484759
2.388	0.006043061672233479
2.3890000000000002	0.006012209088571622
2.39	0.005981396418926455
2.391	0.005950623710299624
2.392	0.005919891008408788
2.3930000000000002	0.005889198357663609
2.394	0.005858545801141133
2.395	0.005827933380560272
2.396	0.005797361136256102
2.3970000000000002	0.0057668291071531624
2.398	0.005736337330738203
2.399	0.005705885924586717
2.4	0.005675475235687326
2.4010000000000002	0.005645104891722692
2.402	0.005615162529417659
2.403	0.0055853240169612805
2.404	0.005555522606256007
2.4050000000000002	0.005525758310841917
2.406	0.005496031142647068
2.407	0.005466341111951428
2.408	0.005436688227350409
2.4090000000000003	0.005407072495717
2.41	0.005377493922163266
2.411	0.005347952510000285
2.412	0.005318448260697547
2.4130000000000003	0.0052889811738408895
2.414	0.005259551247089424
2.415	0.005230211065934044
2.416	0.0052012760912272206
2.4170000000000003	0.005172374987110957
2.418	0.005143507734807338
2.419	0.005114674313314705
2.42	0.005085874699355392
2.4210000000000003	0.005057108867321726
2.422	0.0050283767947814665
2.423	0.0049996784457867005
2.424	0.004971013787160264
2.4250000000000003	0.004942382783338152
2.426	0.004913785396134107
2.427	0.004885221584675494
2.428	0.004856691305337287
2.4290000000000003	0.004828860572111391
2.43	0.004802071996612311
2.431	0.004775303032048431
2.432	0.004748553582301927
2.4330000000000003	0.004721823547759697
2.434	0.004695112825224991
2.435	0.004668421307826457
2.436	0.0046417488849241455
2.4370000000000003	0.0046150954420127056
2.438	0.004588460860621396
2.439	0.00456184501821093
2.44	0.004535247788066945
2.4410000000000003	0.004508669039189943
2.442	0.00448210863618181
2.443	0.004454973552339072
2.444	0.0044275661387778355
2.4450000000000003	0.004400184420401685
2.446	0.004372828367772446
2.447	0.0043454978505271325
2.448	0.004318192733374327
2.4490000000000003	0.004290912875958415
2.45	0.004263658132719496
2.451	0.004236428352748191
2.452	0.004209223379635186
2.453	0.004182043051315682
2.454	0.004154887199907942
2.455	0.004127755651546236
2.456	0.0041006482262074834
2.457	0.004074693066667423
2.458	0.004048825776662755
2.459	0.004022970338252052
2.46	0.003997126501710912
2.461	0.003971294009618094
2.462	0.0039454725966229995
2.463	0.003919661989204349
2.464	0.003893861905419286
2.465	0.003868072054642738
2.466	0.003842292137296611
2.467	0.003816521837634818
2.468	0.003790760844126173
2.469	0.0037650088289700283
2.47	0.0037392370980792295
2.471	0.003713366759166706
2.472	0.003687505793025701
2.473	0.003661653835104107
2.474	0.0036358105093867426
2.475	0.00360997542800866
2.476	0.00358414819085124
2.477	0.0035583283851212946
2.478	0.003532515584911205
2.479	0.00350670935073966
2.48	0.003480909229071775
2.481	0.0034551147518174477
2.482	0.003429325435806693
2.483	0.003403540782240906
2.484	0.0033778828939057303
2.485	0.003352359598317959
2.486	0.003326836316441627
2.487	0.0033013124658445724
2.488	0.003275787445023207
2.489	0.0032502605132784116
2.49	0.003224730423966492
2.491	0.003199197260942397
2.492	0.003173660347962634
2.493	0.003148118985347501
2.494	0.0031225724490367554
2.495	0.003097019989595662
2.496	0.0030714608311680144
2.497	0.0030458941703731144
2.498	0.003020855656654144
2.499	0.0029959781199100995
2.5	0.0029710807985715414
2.501	0.0029461627079278192
2.5020000000000002	0.0029212228279069867
2.503	0.0028962601014903004
2.504	0.00287127343303414
2.505	0.0028462616864924984
2.5060000000000002	0.0028212236835327966
2.507	0.0027961582015372075
2.508	0.002771063971480584
2.509	0.0027459396756759156
2.5100000000000002	0.002720783945376859
2.511	0.0026955962013076903
2.512	0.0026704128804554213
2.513	0.0026451940263244153
2.5140000000000002	0.0026199370400943867
2.515	0.0025946402394580884
2.516	0.0025693018732610017
2.517	0.0025439201177172334
2.5180000000000002	0.002518493072355108
2.519	0.0024930187556691016
2.52	0.0024674951004507403
2.521	0.00244191994877003
2.5220000000000002	0.0024162910465741353
2.523	0.0023906060378674357
2.524	0.0023648624584321942
2.525	0.0023391427627262617
2.5260000000000002	0.0023135617081322416
2.527	0.0022879084465156885
2.528	0.002262179953295402
2.529	0.0022363730536777092
2.5300000000000002	0.002210484412344773
2.531	0.0021845105222160453
2.532	0.0021584476921789595
2.533	0.0021322920336707294
2.5340000000000003	0.0021060394459766958
2.535	0.0020796856000919565
2.536	0.0020532255705370058
2.537	0.002026654827375388
2.5380000000000003	0.0019999683000568804
2.539	0.001973057801979055
2.54	0.0019459440389184908
2.541	0.0019187016075137404
2.5420000000000003	0.001891324027473071
2.543	0.0018638043842462647
2.544	0.001836135287934177
2.545	0.0018083088270551832
2.5460000000000003	0.0017803165163579938
2.547	0.001752149237714501
2.548	0.001723797172935236
2.549	0.0016952497271139095
2.5500000000000003	0.0016664954408134014
2.551	0.0016375218890380063
2.552	0.001608315564473176
2.553	0.0015793150582437286
2.5540000000000003	0.001550124112537404
2.555	0.0015206329639995129
2.556	0.0014908217487878339
2.557	0.0014606685273012652
2.5580000000000003	0.0014301489674516373
2.559	0.0013992360217817779
2.56	0.0013678993661182988
2.561	0.0013361047584896982
2.5620000000000003	0.0013038135294188757
2.563	0.001270981611177376
2.564	0.0012375584169934352
2.565	0.0012034854009877133
2.5660000000000003	0.0011686756721161502
2.567	0.001132914943609067
2.568	0.0010962694224049814
2.569	0.001058622845576251
2.5700000000000003	0.0010198320681572527
2.571	0.000979717421780137
2.572	0.0009380480972312613
2.573	0.0008945189918475712
2.5740000000000003	0.0008487119912391542
2.575	0.0008000265658041721
2.576	0.000747543341892789
2.577	0.0006897188237015315
2.5780000000000003	0.0006235521454375272
2.579	0.0005413209042858162
2.58	0.00036218926711934787
2.581	0.005965090643797571
2.582	0.006095549223743323
2.583	0.006193054164333633
2.584	0.0062733278930919845
2.585	0.006342481673811052
2.586	0.006403660206517606
2.587	0.006458737794783563
2.588	0.006508939695567694
2.589	0.006555119794447429
2.59	0.0065979018637592965
2.591	0.00663775836867057
2.592	0.006675057593636142
2.593	0.006710093397899537
2.594	0.0067433830355181044
2.595	0.006775002211132805
2.596	0.006804965553942979
2.597	0.006833413503016971
2.598	0.006860466513598642
2.599	0.006886228866380745
2.6	0.006910791588317148
2.601	0.006934234726171837
2.602	0.0069566291401828035
2.603	0.006978037936313631
2.604	0.006998517622448149
2.605	0.0070181190510162856
2.606	0.00703688819446426
2.607	0.007054867167081692
2.608	0.0070714619542817155
2.609	0.00708727740941734
2.61	0.00710240191981072
2.611	0.007116865037251645
2.612	0.007130694047589369
2.613	0.007143914212862314
2.614	0.007156548980925367
2.615	0.007168620167769266
2.616	0.007180148116771161
2.617	0.0071911518383579506
2.618	0.007201649132958411
2.619	0.007211656699633265
2.62	0.007221190232377962
2.621	0.00723087431858823
2.622	0.00724274363193966
2.623	0.007254199370281041
2.624	0.007265253510039119
2.625	0.007275917387366581
2.626	0.007286201746680515
2.6270000000000002	0.007296116784529655
2.628	0.0073056721893305825
2.629	0.007314877177440753
2.63	0.007323740525974196
2.6310000000000002	0.007332270002872085
2.632	0.007340473975610269
2.633	0.00734836030316372
2.634	0.007355936288760858
2.6350000000000002	0.0073619405040196385
2.636	0.007366148691143494
2.637	0.007370054263338934
2.638	0.007373663651640996
2.6390000000000002	0.007376983035397777
2.64	0.007380018356699389
2.641	0.007382775333746901
2.642	0.007385259473255844
2.6430000000000002	0.007387476081978256
2.644	0.007389430277419448
2.645	0.00739112699781745
2.646	0.007392571011446781
2.6470000000000002	0.0073937669253017575
2.648	0.007394719193209691
2.649	0.007396988828738601
2.65	0.007399603442374998
2.6510000000000002	0.007401994418641752
2.652	0.007404165512302166
2.653	0.00740612036169501
2.654	0.00740786249411077
2.6550000000000002	0.007409396135312541
2.656	0.007410725052452042
2.657	0.007411851190993435
2.658	0.007412777660836106
2.6590000000000003	0.007413507483344262
2.66	0.007414043595120738
2.661	0.007414388851573794
2.662	0.0074145475298571266
2.6630000000000003	0.007415391006144849
2.664	0.007416054432452886
2.665	0.007416540320382738
2.666	0.007416851116375067
2.6670000000000003	0.007416989204259141
2.668	0.007416956907673835
2.669	0.007416756492368038
2.67	0.00741639016838779
2.6710000000000003	0.007415860092156938
2.672	0.007415168368457793
2.673	0.007414317052317362
2.674	0.0074133081508049445
2.6750000000000003	0.0074121436247459715
2.676	0.007411058135425745
2.677	0.0074104430693963195
2.678	0.007409680263455061
2.6790000000000003	0.007408771468191589
2.68	0.007407715715389359
2.681	0.007406516836073552
2.682	0.007405177051461608
2.6830000000000003	0.007403697998770335
2.684	0.007402081281789464
2.685	0.0074003284719545955
2.686	0.00739844110937552
2.6870000000000003	0.007396420703821961
2.688	0.0073942687356690975
2.689	0.007391986656804776
2.69	0.007388735442720685
2.6910000000000003	0.007384648818587338
2.692	0.00738043296100181
2.693	0.007376089280357991
2.694	0.007371619161846383
2.6950000000000003	0.007367023966187203
2.696	0.007362305030335879
2.697	0.007357463668161857
2.698	0.00735250117110228
2.6990000000000003	0.00734741880879138
2.7	0.0073422178296669955
2.701	0.007336899461554883
2.702	0.007331464912232165
2.7030000000000003	0.007325915369970554
2.704	0.007321955929997071
2.705	0.00731827829294934
2.706	0.0073144928136160215
2.7070000000000003	0.007310600498678483
2.708	0.007306602338562001
2.709	0.007302499307862478
2.71	0.007298292365758906
2.711	0.007293982456411981
2.712	0.007289570509349669
2.713	0.007285057439839996
2.714	0.007280444149251753
2.715	0.007275731525403534
2.716	0.0072709204429016
2.717	0.007266049959827822
2.718	0.00726149139196809
2.719	0.007256837652613771
2.72	0.007252089552489621
2.721	0.007247247890758025
2.722	0.0072423134552956235
2.723	0.0072372870229615895
2.724	0.0072321693598577305
2.725	0.007226961221580867
2.726	0.007221663353467613
2.727	0.007216276490831942
2.728	0.007210801359195841
2.729	0.007205238618711558
2.73	0.007199586303133789
2.731	0.007194556947152612
2.732	0.0071907241208146455
2.733	0.007186809626094728
2.734	0.007182814105019767
2.735	0.007178738191588967
2.736	0.007174582511945698
2.737	0.007170347684544538
2.738	0.007166034320313719
2.739	0.007161643022813029
2.74	0.007157174388387488
2.741	0.007152629006316793
2.742	0.007148007458960776
2.743	0.007143310321900844
2.744	0.00713853816407782
2.745	0.0071327248057464
2.746	0.007126261942624241
2.747	0.007119723734738444
2.748	0.007113110765011597
2.749	0.007106423610108544
2.75	0.007099662840558592
2.751	0.007092829020874651
2.7520000000000002	0.0070859227096692875
2.753	0.0070789444597679635
2.754	0.0070718948183192765
2.755	0.007064775429191133
2.7560000000000002	0.0070575860440110424
2.757	0.007050326850463837
2.758	0.007042998360741141
2.759	0.007036344073465551
2.7600000000000002	0.007029706298390702
2.761	0.0070230015584074575
2.762	0.007016230325940928
2.763	0.0070093930687811735
2.7640000000000002	0.007002490250168814
2.765	0.006995522328878733
2.766	0.006988489759301731
2.767	0.006981392991524457
2.7680000000000002	0.00697423247140735
2.769	0.006967008640660846
2.77	0.006959721936919891
2.771	0.006952372793816761
2.7720000000000002	0.00694528678871326
2.773	0.0069397347369398715
2.774	0.006934123434089408
2.775	0.006928453256939806
2.7760000000000002	0.006922724578803128
2.777	0.00691693776958575
2.778	0.006911093195847253
2.779	0.006905191220858025
2.7800000000000002	0.0068992321042608456
2.781	0.006893216058780103
2.782	0.006887143687061473
2.783	0.006881015342931685
2.7840000000000003	0.006874831377187823
2.785	0.006868592137647597
2.786	0.00686148329443395
2.787	0.006853283370305033
2.7880000000000003	0.006845027718716119
2.789	0.006836716713899813
2.79	0.0068283507271877176
2.791	0.00681993012705754
2.7920000000000003	0.006811455279179085
2.793	0.0068029265464594904
2.794	0.006794344289087302
2.795	0.006785708864575942
2.7960000000000003	0.006777020627806132
2.797	0.006768279931067551
2.798	0.006759487124099612
2.799	0.006750642554131551
2.8000000000000003	0.006743868664354723
2.801	0.006737906796849766
2.802	0.00673189624889748
2.803	0.006725837301118353
2.8040000000000003	0.006719730232021219
2.805	0.006713575318035596
2.806	0.006707373106979812
2.807	0.006701123801278315
2.8080000000000003	0.006694827460581417
2.809	0.006688484349017497
2.81	0.006682094728803462
2.811	0.006675658860273786
2.8120000000000003	0.0066691770019092
2.813	0.006662649410364617
2.814	0.00665464948149967
2.815	0.006646577624683501
2.8160000000000003	0.006638459875816959
2.817	0.006630296510246358
2.818	0.006622087801544363
2.819	0.006613834021536385
2.8200000000000003	0.00660553544032657
2.821	0.006597192326323324
2.822	0.00658880494626427
2.823	0.006580373565240915
2.8240000000000003	0.006571898446722782
2.825	0.006563379852581191
2.826	0.006554818043112554
2.827	0.006546582360746271
2.8280000000000003	0.006539392909744663
2.829	0.006532161716014731
2.83	0.006524889008762845
2.831	0.006517575015799683
2.8320000000000003	0.006510219365723242
2.833	0.006502822505479892
2.834	0.006495385050059537
2.835	0.0064879072304840175
2.836	0.006480389276438267
2.837	0.00647283141628805
2.838	0.006465233877097539
2.839	0.0064575968846464485
2.84	0.006449920663447048
2.841	0.006442027774113213
2.842	0.006433934718542656
2.843	0.00642580296124919
2.844	0.006417632727317765
2.845	0.006409424240631425
2.846	0.00640117772388674
2.847	0.006392893398609152
2.848	0.006384571485168023
2.849	0.006376212202791352
2.85	0.006367815769580442
2.851	0.006359382402524121
2.852	0.006350912317512891
2.853	0.006342405729352852
2.854	0.006333862851779254
2.855	0.006326123065605186
2.856	0.006318563936148911
2.857	0.006310969485442709
2.858	0.00630334022388368
2.859	0.006295676479302182
2.86	0.006287977979866505
2.861	0.006280244909367038
2.862	0.006272477450694941
2.863	0.006264675785853854
2.864	0.0062568400959714405
2.865	0.006248970561310849
2.866	0.00624106736128193
2.867	0.006233130674452262
2.868	0.00622516114694205
2.869	0.006217165106630399
2.87	0.006209136112222182
2.871	0.006201074338919406
2.872	0.006192979961134941
2.873	0.006184853152502672
2.874	0.006176694085887492
2.875	0.006168502933395108
2.876	0.006160279866381732
2.8770000000000002	0.006152025055463612
2.878	0.006143738670526563
2.879	0.006135420880735086
2.88	0.006127071854541628
2.8810000000000002	0.006118691759695561
2.882	0.006110730518402018
2.883	0.006103623397149934
2.884	0.00609648603699233
2.8850000000000002	0.006089318424950798
2.886	0.006082120863050951
2.887	0.006074893502889712
2.888	0.006067636490502259
2.8890000000000002	0.006060349971312397
2.89	0.006053034090139999
2.891	0.006045688991208317
2.892	0.006038314818151201
2.8930000000000002	0.0060309117140202265
2.894	0.006023479821291759
2.895	0.006016019281873816
2.896	0.006008912289551591
2.8970000000000002	0.006002023395218177
2.898	0.005995106455461305
2.899	0.005988161601895136
2.9	0.005981188965611779
2.9010000000000002	0.005974188677187565
2.902	0.005967160866689115
2.903	0.005960105663679401
2.904	0.005953023197223693
2.9050000000000002	0.005945913595895469
2.906	0.005938776987782245
2.907	0.005931613500491244
2.908	0.005924423261155119
2.9090000000000003	0.005917206396437485
2.91	0.005908539271072871
2.911	0.005899649381449862
2.912	0.005890732601627362
2.9130000000000003	0.005881789598066936
2.914	0.005872820522132689
2.915	0.005863825524688766
2.916	0.005854804756104672
2.9170000000000003	0.005845758366260353
2.918	0.005836686504551394
2.919	0.0058275893198939995
2.92	0.005818466960730002
2.9210000000000003	0.005809319575031749
2.922	0.0058001473103070165
2.923	0.005791283687633864
2.924	0.005784285734960506
2.9250000000000003	0.005777263390569867
2.926	0.005770216772152582
2.927	0.005763145997000591
2.928	0.005756051182011173
2.9290000000000003	0.0057489324436908905
2.93	0.005741789898159479
2.931	0.005734623661153715
2.932	0.0057274338480312265
2.9330000000000003	0.00572022057377425
2.934	0.0057129839529933375
2.935	0.00570572409993107
2.936	0.005698441128465606
2.9370000000000003	0.005691380780120904
2.938	0.005684636197152414
2.939	0.005677870063845777
2.94	0.005671081326081313
2.9410000000000003	0.005664270074999671
2.942	0.005657436401473315
2.943	0.005650580396110358
2.944	0.005643702149258338
2.9450000000000003	0.005636801751007937
2.946	0.005629879291196683
2.947	0.005622934859412631
2.948	0.005615968544997904
2.9490000000000003	0.005608980437052301
2.95	0.0056019706244368785
2.951	0.005594078478055082
2.952	0.005585781424656375
2.9530000000000003	0.005577462942910788
2.954	0.005569123135108167
2.955	0.00556076210331115
2.956	0.005552379949358644
2.9570000000000003	0.005543976774869347
2.958	0.005535552681245141
2.959	0.005527107769674512
2.96	0.005518642141135876
2.9610000000000003	0.005510155896400963
2.962	0.00550164913603801
2.963	0.0054931219604150835
2.964	0.005484574469703278
2.965	0.0054791494803762665
2.966	0.005473824001176338
2.967	0.005468478748266186
2.968	0.005463113805905526
2.969	0.005457729258107425
2.97	0.005452325188640111
2.971	0.005446901681028779
2.972	0.005441458818557301
2.973	0.005435996684269961
2.974	0.005430515360973176
2.975	0.005425014931237167
2.976	0.005419495477397616
2.977	0.0054139570815573464
2.978	0.0054094849304372325
2.979	0.005408552959297335
2.98	0.00540760561437325
2.981	0.0054066429413650065
2.982	0.005405664985821748
2.983	0.005404671793142827
2.984	0.005403663408578874
2.985	0.005402639877232825
2.986	0.005401601244061062
2.987	0.0054005475538743235
2.988	0.005399478851338842
2.989	0.0053944505450138815
2.99	0.0053870570337664105
2.991	0.005379669535124501
2.992	0.005372288092821157
2.993	0.005364914351384542
2.994	0.005357547299111706
2.995	0.005350186397896957
2.996	0.005342831672781015
2.997	0.005335483148459091
2.998	0.00532814084928434
2.999	0.00532080479927122
3.	0.005313475022098894