0.0010304591153378238 91066985.9191066
0.001033590891881665 52537442.15285439
0.001033590891881665 32984434.790154073
0.0010367321865365844 20535142.265325516
0.0010367321865365844 12892520.70906858
0.0010398830282300716 8279494.696397428
0.0010430434459775353 5033449.549446258
0.0010406722337765273 3052047.9388365075
0.0010493931261372114 1925161.031584045
0.0010470074788336912 1181080.5244234614
0.0010579195363748638 698294.9206551332
0.0010566972493418363 420940.69559168513
0.0010648982300605306 225416.50611678872
0.001069323833236076 109487.52748686106
0.001076367858689689 54451.528757968204
0.0010828208280803443 25416.24604399205
0.0010894126588953128 11557.564862230713
0.0011053227030476949 4751.00006709229
0.001184825921304347 2953.6026065023725
0.0012666263820684076 2329.6893211120587
0.0013540743521086374 1965.5403069163774
0.001447559735842769 1697.0332685269213
0.0015474993567155821 1490.7921625929966
0.0016543388156903382 1332.484568364146
0.0017685544780505612 1207.132312077224
0.0018906555973707865 1097.787559507191
0.002021186586126352 998.3474998983066
0.0021607294430662626 913.1692500339863
0.002309906348172049 838.4777941727147
0.0024693824367727157 774.3511834557247
0.002639868765184836 717.8853822149517
0.002822125481100575 665.5370754364851
0.003016965212859553 617.0060148235823
0.003225256692716246 572.0138462290832
0.003447928630258018 529.2834493727737
0.003685973853244203 492.579349001281
0.003940453734328945 461.07354155390726
0.004212502923405364 429.0995783251503
0.004503334406670994 400.882148315621
0.004814244914971481 373.80058358545386
0.00514662070553671 348.54851201510104
0.005501943742888293 323.75445126620326
0.005881798306477465 303.63030816208493
0.006287878054514592 283.11858450693745
0.006721993575486036 265.5203124591863
0.00718608046102825 249.01592543352234
0.007682207936153533 232.1936724801163
0.008212588085307325 217.34236141624484
0.00877958571539294 202.27036954146985
0.009385728899740285 188.60600925815976
0.010033720250030893 176.8825123123624
0.010726448966437308 165.25078354076706
0.011467003719705032 155.87591424725753
0.012258686422614195 145.62557161673942
0.01310502695222385 136.04928773705788
0.01400979888854104 127.59264621467541
0.014977036339788615 118.51632050302798
0.01601105192929063 111.14950474297093
0.017116456024173554 104.04028487534265
0.018298177291618308 97.19863411422979
0.019561484674317238 91.33240747771939
0.020912010883118188 85.326422047336
0.022355777511602237 80.02264592587318
0.023899221884573663 74.6167218291621
0.025549225760171237 69.70995372192434
0.027313146013575415 65.37687635728888
0.029198847439120625 60.84320081040342
0.03121473781706755 57.28120798474736
0.03336980540138787 53.51441687420886
0.035673658995707895 50.18803239023298
0.038136570796098265 47.06841151093646
0.040769522191732625 43.63617607838419
0.04358425272762681 40.845167961513795
0.04659331244776883 38.2326751731738
0.04981011785202221 35.718508554816935
0.05324901171629727 33.56279033706457
0.056925327042711436 31.416084812563426
0.06085545542487273 29.463303054454688
0.06505692013310689 27.52580711229206
0.06954845424549387 25.518621242880435
0.07435008417307562 23.840526121763645
0.07948321895165039 22.272781916894097
0.08497074569827834 20.768145734570545
0.09083713165811044 19.514726375242
0.09710853329653749 18.196410436896663
0.10381291292306863 16.93454805320001
0.11098016336692935 15.790535876040716
0.1186422412602721 14.52688594896355
0.126897473723546 12.31936036964305
0.13129780914516523 7.476375128650863
0.1327400415713269 4.329821660626216
0.13460597169950533 2.6523094426178853
0.13870015226165958 1.6234329492795931
0.1390155692085437 1.0162554384629072
0.1448044762607865 3.3672632807539244
0.14652346694311216 6.173569048616419
0.14363740983806164 1.9049037714316712
0.14949271325445007 10.674219676939014
0.15973289226582438 11.418651140724382
0.17076086181947503 10.626804507180697
0.18255020312787895 9.966256570911078
0.19515348134785093 9.346767409724334
0.20736452871584726 8.065584322743137
0.20862689073814378 4.954998403773271
0.20989693757464287 3.0924775198234817
0.20941976648339963 1.8631277669460287
0.21117471600777935 1.1827906793798704
0.21117471600777935 0.7425881511494145
0.21131717069006103 0.43622799005836466
0.21246027310478321 0.2755637541258836
0.21246027310478321 0.1730064180142316
0.21260359500086431 0.10545621071641816
0.21375365621941317 0.06328500825327221
0.21326771742214404 0.03758386827813746
0.2150549129937006 0.023968222202625268
0.2150549129937006 0.015047901646568112
0.21519998518739308 0.009083558033778331
0.21636409135970544 0.005617919015501984
0.21636409135970544 0.0035270823212912063
0.21651004670168245 0.002190754031904809
0.21768123954128044 0.0010802680757059802
0.2217931366973097 0.0005468643705719097
0.23698585996676347 0.0003713657133358508
0.25334737957169173 0.00028733864339815576
0.27083849958324346 0.00023553063953634447
0.2895372076889595 0.00020218535698644915
0.3095268758515389 0.00017795566393976136
0.3308966320395551 0.00015814329678678064
0.3537417576224874 0.0001418948450908959
0.3781641122019287 0.0001285462184651756
0.4042725877731713 0.00011712729306709614
0.4321835942421375 0.00010775409025087226
0.4620215784624311 0.00009875035827608183
0.4939195791067445 0.00009067320497050544
0.5280198198466195 0.00008373853674432732
0.5644743434853834 0.00007718562004890511
0.6034456898716631 0.00007183304620804863
0.6451076206160941 0.00006672318961688473
0.6896458938425178 0.00006221570933569728
0.7372590924280585 0.00005778998372325212
0.7881595094249422 0.000053575929681180016
0.842574094611904 0.00004995661160045245
0.9007454663955657 0.000046492281686914335
0.9643951588682328 0.00004111249953499755
1.0070720880141952 0.000025976111463456707
1.0262948313516649 0.000014226594302393468
1.0440956556579695 0.000008597240355356128
1.0643563150796005 0.000004913713845504164
1.0928050812761065 0.000002695127696429364
1.1442701471821437 0.0000022853254787927854
1.2127103889335498 0.0000022165983809715643
1.2964359952056674 0.000002164507939661425
1.3859420229284487 0.0000019912915066294478
1.4816275527850304 0.0000018284164846455056
1.5839192180155806 0.0000016820960319625408
1.693273106647667 0.0000015445112397445936
1.8101767950567522 0.000001412734714726387
1.9351515219238344 0.0000012996795193069467
2.068754512283279 0.000001204906699194012
2.211581462023037 0.0000011431284132436801
2.364269193914979 0.000001144529574454709
2.4913276129111215 0.000001024197641566505
2.5155955999873068 6.161234200454543e-7
2.5390296265882903 3.710725337399527e-7
2.5910380579299765 2.235070270738037e-7
2.6982154403702134 1.4168042524227703e-7
2.8885432267021103 1.0256437612527668e-7
3.0879684440547273 7.981690605919914e-8
3.3011619917368042 6.593101309044708e-8
3.5272900016244337 4.8113697995909406e-8
3.6747934138909986 3.625002385838013e-8
3.888963653542212 2.9708523290439473e-8
4.157457964001112 2.4777231691294745e-8
4.444489139591961 2.1269391721187786e-8
4.751336966721919 1.8577005095503752e-8
5.079369588337161 1.6445380657141403e-8
5.430049604064298 1.4755698080280293e-8
5.804940591505881 1.3265113242550217e-8
6.205714077766565 1.1994116902667465e-8
6.634156992294034 1.0928664120293214e-8
7.092179634264371 9.977029382393054e-9
7.581824190036457 9.249502944626833e-9
8.105273838651765 8.144967465022917e-9
8.318208799870499 4.635785534364546e-9
8.536737809928523 2.81276479052766e-9
8.907775921359741 2.0203066539963637e-9
9.376209238417292 1.705020405741433e-9