0.02	0.000010622030704530118
0.021	0.000012298700971111276
0.022	0.000014143512992135941
0.023	0.00001616459228665913
0.024	0.000018370081045556614
0.025	0.00002076813891203563
0.026000000000000002	0.000023366943765204983
0.027	0.000026174692506844726
0.028	0.000029199601851516415
0.029	0.00003244990912015575
0.03	0.00003593387303729155
0.031	0.00003965977453203387
0.032	0.000043635917542977664
0.033	0.00004787062982716757
0.034	0.00005237226377327197
0.035	0.00005714919721911436
0.036000000000000004	0.00006220983427371283
0.037000000000000005	0.0000675626061439788
0.038000000000000006	0.00007321597196622683
0.039	0.00007917841964265219
0.04	0.00008545846668292789
0.041	0.00009206466105108258
0.041999999999999996	0.00009900558201781467
0.043	0.00010628984101840464
0.044	0.00011392608251638731
0.045	0.00012192298487314733
0.046	0.00013028926122360374
0.047	0.00013903366035815064
0.048	0.00014816496761102277
0.049	0.0001576920057552584
0.05	0.00016762363590443075
0.051000000000000004	0.00017796875842132387
0.052000000000000005	0.00018873631383372992
0.053000000000000005	0.00019993528375755
0.054000000000000006	0.00021157469182737202
0.05500000000000001	0.00022366360463472142
0.05600000000000001	0.00023621113267415793
0.056999999999999995	0.0002492264312974183
0.057999999999999996	0.0002627187016757878
0.059	0.00027669719177089925
0.06	0.0002911711973141503
0.061	0.0003061500627949455
0.062	0.0003216431824579559
0.063	0.0003376600013096067
0.064	0.00035421001613399744
0.065	0.00037130277651846504
0.066	0.00038894788588900425
0.067	0.00040715500255575755
0.068	0.0004259338407687987
0.069	0.000445294171784432
0.07	0.0004652458249422269
0.07100000000000001	0.0004857986887530266
0.07200000000000001	0.0005069627119981523
0.073	0.0005287479048400542
0.074	0.0005511643399446335
0.075	0.0005742221536154886
0.076	0.0005979315469403284
0.077	0.0006223027869498117
0.078	0.0006473462077890551
0.079	0.000673072211902084
0.08	0.0006994912712294738
0.081	0.0007266139284194676
0.082	0.0007544507980528273
0.083	0.000783012567881703
0.084	0.0008123100000827996
0.085	0.0008423539325251291
0.08600000000000001	0.0008731552800526385
0.08700000000000001	0.0009047250357820053
0.08800000000000001	0.0009370742724159083
0.08900000000000001	0.000970214143572078
0.09000000000000001	0.0010041558851284346
0.09100000000000001	0.0010389108165846325
0.09200000000000001	0.0010744903424403387
0.093	0.001110905953590561
0.094	0.001148169228738378
0.095	0.0011862918358253925
0.096	0.001225285533480265
0.097	0.0012651621724856772
0.098	0.0013059336972640837
0.099	0.0013476121473826187
0.1	0.001390209659077523
0.101	0.001433738466798477
0.10200000000000001	0.001478210904773231
0.10300000000000001	0.0015236394085929024
0.10400000000000001	0.0015700365168183645
0.10500000000000001	0.00161741487260812
0.10600000000000001	0.001665787225368087
0.10700000000000001	0.001715166432423699
0.108	0.0017655654607147803
0.109	0.0018169973885135947
0.11	0.0018694754071665696
0.111	0.0019230128228600904
0.112	0.001977623058410885
0.113	0.002033319655081429
0.114	0.0020901162744208926
0.115	0.0021480267001320846
0.116	0.0022070648399649274
0.117	0.0022672447276369458
0.11800000000000001	0.002328580524781325
0.11900000000000001	0.0023910865229230535
0.12000000000000001	0.0024547771454836577
0.12100000000000001	0.002519666949815167
0.12200000000000001	0.0025857706292637854
0.12300000000000001	0.002653103015263915
0.12400000000000001	0.002721679079463051
0.125	0.002791513935878229
0.126	0.0028626228430845735
0.127	0.0029350212064365657
0.128	0.003008724580322757
0.129	0.0030837486704544496
0.13	0.003160109336189121
0.131	0.0032378225928891974
0.132	0.0033169046143169036
0.133	0.003397371735065876
0.134	0.0034792404530302723
0.135	0.
0.136	0.0036472495037676014
0.137	0.003733423671593165
0.138	0.0038210671119520635
0.139	0.0039101971776423
0.13999999999999999	0.004000831400406665
0.141	0.0040929874936858155
0.142	0.004186683355415104
0.143	0.0042819370708661805
0.144	0.004378766915534124
0.145	0.004477191358071154
0.146	0.0045772290632676476
0.147	0.0046788988950816545
0.148	0.004782219919717684
0.149	0.0048872114087558415
0.15	0.004993892842332305
0.151	0.0051022839123721865
0.152	0.005212404525875842
0.153	0.005324274808259665
0.154	0.005437915106752547
0.155	0.005553345993848998
0.156	0.005670588270820323
0.157	0.005789662971284696
0.158	0.0059105913648376945
0.159	0.006033394960744206
0.16	0.006158095511693271
0.161	0.0062847150176168565
0.162	0.006413275729574097
0.163	0.006543800153702348
0.164	0.0066763110552361775
0.16499999999999998	0.006810831462596078
0.16599999999999998	0.006947384671548072
0.16699999999999998	0.007085994249435804
0.16799999999999998	0.007226684039486532
0.16899999999999998	0.0073694781651928104
0.16999999999999998	0.007514401034771048
0.17099999999999999	0.00766147734569901
0.172	0.007810732089333536
0.173	0.007962190555610406
0.174	0.00811587833782807
0.175	0.008271821337516853
0.176	0.008430045769395718
0.177	0.008590578166418181
0.178	0.008753445384909502
0.179	0.008918674609797004
0.18	0.009086293359935485
0.181	0.009256329493529896
0.182	0.00942881121365729
0.183	0.009603767073890133
0.184	0.009781225984023426
0.185	0.009961217215907555
0.186	0.010143770409389444
0.187	0.01032891557836427
0.188	0.010516683116940182
0.189	0.010707103805718503
0.19	0.010900208818191892
0.191	0.011096029727263321
0.192	0.011294598511888215
0.193	0.011495947563842654
0.194	0.01170010969462061
0.195	0.01190711814246265
0.19599999999999998	0.012117006579519638
0.19699999999999998	0.012329809119153934
0.19799999999999998	0.012545560323381572
0.19899999999999998	0.012764295210458312
0.19999999999999998	0.012986049262613162
0.20099999999999998	0.013210858433932285
0.20199999999999999	0.013438759158397168
0.20299999999999999	0.013669788358080245
0.204	0.013903983451501779
0.205	0.014141382362151568
0.206	0.014382023527179367
0.207	0.014625945906257992
0.208	0.014873188990622855
0.209	0.015123792812292348
0.21	0.015377797953473042
0.211	0.015635245556154184
0.212	0.01589617733189592
0.213	0.016160635571815525
0.214	0.01642866315677688
0.215	0.01670030356778744
0.216	0.01697560089660787
0.217	0.017254599856579542
0.218	0.0175373457936747
0.219	0.017823884697775117
0.22	0.018114263214184356
0.221	0.018408528655379456
0.222	0.01870672901300765
0.223	0.019008912970134493
0.224	0.019315129913748796
0.225	0.01962542994753139
0.226	0.019939863904893686
0.227	0.020258483362292724
0.228	0.020581340652829853
0.22899999999999998	0.02090848888013947
0.22999999999999998	0.021239981932575744
0.23099999999999998	0.021575874497703765
0.23199999999999998	0.021916222077104
0.23299999999999998	0.022261081001496482
0.23399999999999999	0.022610508446193986
0.235	0.022964562446891556
0.236	0.02332330191580158
0.237	0.02368678665814265
0.238	0.024055077388991552
0.239	0.024428235750507506
0.24	0.024806324329538183
0.241	0.025189406675617327
0.242	0.02557754731936413
0.243	0.02597081179129464
0.244	0.02636926664105603
0.245	0.02677297945709458
0.246	0.027182018886768876
0.247	0.027596454656919622
0.248	0.02801635759490857
0.249	0.02844179965013832
0.25	0.028872853916066123
0.251	0.0293095946527248
0.252	0.029752097309764247
0.253	0.030200438550027225
0.254	0.030654696273674207
0.255	0.031114949642871533
0.256	0.03158127910705898
0.257	0.03205376642881126
0.258	0.032532494710310514
0.259	0.033017548420446366
0.26	0.03350901342256052
0.261	0.03400697700285343
0.262	0.03451152789947215
0.263	0.035022756332297206
0.264	0.035540754033448724
0.265	0.03606561427853139
0.266	0.036597431918639456
0.267	0.03713630341314229
0.268	0.03768232686327355
0.269	0.03823560204654609
0.27	0.03879623045201602
0.271	0.03936431531642045
0.272	0.03993996166121392
0.273	0.04052327633052904
0.274	0.04111436803008829
0.275	0.041713347367094325
0.276	0.04232032689112767
0.277	0.04293542113608014
0.278	0.043558746663155685
0.279	0.04419042210496912
0.28	0.044830568210775155
0.281	0.04547930789286185
0.28200000000000003	0.04613676627414229
0.28300000000000003	0.04680307073698066
0.28400000000000003	0.047478350973290055
0.28500000000000003	0.048162739035939595
0.28600000000000003	0.04885636939151042
0.28700000000000003	0.04955937897444248
0.28800000000000003	0.05027190724261286
0.28900000000000003	0.05099409623439072
0.29000000000000004	0.05172609062721326
0.29100000000000004	0.05246803779773048
0.29200000000000004	0.05322008788356576
0.29300000000000004	0.05398239384674426
0.29400000000000004	0.054755111538839454
0.29500000000000004	0.0555383997678928
0.29600000000000004	0.05633242036716151
0.29700000000000004	0.05713733826575222
0.29800000000000004	0.05795332156120056
0.29900000000000004	0.058780541594058544
0.30000000000000004	0.059619173024553336
0.30100000000000005	0.060469393911384194
0.30200000000000005	0.061331385792726886
0.30300000000000005	0.06220533376951644
0.30400000000000005	0.06309142659108141
0.30500000000000005	0.06398985674320876
0.30600000000000005	0.06490082053871594
0.30700000000000005	0.06582451821061501
0.30800000000000005	0.0667611540079532
0.309	0.06771093629441878
0.31	0.06867407764980495
0.311	0.06965079497442615
0.312	0.07064130959658772
0.313	0.07164584738321056
0.314	0.07266463885371732
0.315	0.07369791929729348
0.316	0.074745928893636
0.317	0.07580891283731062
0.318	0.07688712146584264
0.319	0.0779808103916694
0.32	0.07909024063808966
0.321	0.08021567877934928
0.322	0.08135739708500907
0.323	0.08251567366874438
0.324	0.0836907926417352
0.325	0.08488304427080937
0.326	0.08609272514150806
0.327	0.08732013832625234
0.328	0.088565593557793
0.329	0.08982940740813641
0.33	0.09111190347314523
0.331	0.09241341256302198
0.332	0.09373427289889193
0.333	0.09507483031571068
0.334	0.09643543847173063
0.335	0.09781645906477164
0.336	0.09921826205555082
0.337	0.1006412258983375
0.338	0.10208573777920932
0.339	0.10355219386220117
0.34	0.1050409995436457
0.341	0.10655256971502175
0.342	0.10808732903463866
0.343	0.10964571220849993
0.34400000000000003	0.1112281642807014
0.34500000000000003	0.11283514093374195
0.34600000000000003	0.11446710879913272
0.34700000000000003	0.11612454577871455
0.34800000000000003	0.11780794137711031
0.34900000000000003	0.11951779704575488
0.35000000000000003	0.12125462653897041
0.35100000000000003	0.12301895628257242
0.35200000000000004	0.12481132575551543
0.35300000000000004	0.12663228788511105
0.35400000000000004	0.1284824094563739
0.35500000000000004	0.13036227153608132
0.35600000000000004	0.13227246991215305
0.35700000000000004	0.1342136155489927
0.35800000000000004	0.13618633505945807
0.35900000000000004	0.1381912711941631
0.36000000000000004	0.14022908334884335
0.36100000000000004	0.142300448090556
0.36200000000000004	0.14440605970352183
0.36300000000000004	0.146546630755453
0.36400000000000005	0.14872289268525588
0.36500000000000005	0.15093559641303866
0.36600000000000005	0.15318551297340086
0.36700000000000005	0.15547343417303042
0.36800000000000005	0.15780017327368454
0.36900000000000005	0.16016656570168492
0.37000000000000005	0.16257346978511578
0.37100000000000005	0.16502176751997186
0.372	0.1675123653665688
0.373	0.17004619507759672
0.374	0.17262421455926383
0.375	0.17524740876706113
0.376	0.1779167906377501
0.377	0.18063340205926734
0.378	0.18339831488032238
0.379	0.18621263196156673
0.38	0.18907748827030943
0.381	0.19199405202085706
0.382	0.19496352586267776
0.383	0.1979871481187022
0.384	0.20106619407619902
0.385	0.20420197733280962
0.386	0.2073958512004532
0.387	0.21064921016998017
0.388	0.21396349143960441
0.389	0.21734017651032278
0.39	0.2207807928517049
0.391	0.22428691564164469
0.392	0.22786016958385416
0.393	0.231502230807118
0.394	0.23521482885054798
0.395	0.23899974873933624
0.396	0.24285883315576842
0.397	0.24679398471054287
0.398	0.25080716831974476
0.399	0.2549004136931527
0.4	0.2590758179398913
0.401	0.26333554829782563
0.402	0.2676818449934763
0.403	0.2721170242396635
0.404	0.2766434813785397
0.405	0.2812636941781469
0.406	0.2859802262911652
0.40700000000000003	0.2907957308850589
0.40800000000000003	0.2957129544534322
0.40900000000000003	0.3007347408190365
0.41000000000000003	0.3058640353395646
0.41100000000000003	0.31110388932808114
0.41200000000000003	0.3164574647007568
0.41300000000000003	0.32192803886538807
0.41400000000000003	0.32751900986512256
0.41500000000000004	0.33323390179276474
0.41600000000000004	0.33907637049211503
0.41700000000000004	0.34505020956390614
0.41800000000000004	0.35115935669514203
0.41900000000000004	0.3574079003319508
0.42000000000000004	0.3638000867174881
0.42100000000000004	0.37034032731796407
0.42200000000000004	0.37703320666151807
0.42300000000000004	0.3838834906164622
0.42400000000000004	0.3908961351373394
0.42500000000000004	0.39807629550935036
0.42600000000000005	0.4054293361239549
0.42700000000000005	0.4129608408209203
0.42800000000000005	0.42067662383473997
0.42900000000000005	0.42858274138624797
0.43000000000000005	0.4366855039633665
0.43100000000000005	0.44499148933834415
0.43200000000000005	0.4535075563725385
0.43300000000000005	0.4622408596638077
0.43400000000000005	0.47119886509596975
0.43500000000000005	0.48038936635455015
0.43600000000000005	0.48982050247823317
0.437	0.4995007765211161
0.438	0.5094390754070438
0.439	0.5196446910640711
0.44	0.5301273429345026
0.441	0.540897201964046
0.442	0.5519649161824827
0.443	0.5633416379979835
0.444	0.5750390533378477
0.445	0.5870694127801606
0.446	0.5994455648337343
0.447	0.6121809915378362
0.448	0.6252898465688067
0.449	0.6387869960578465
0.45	0.6526880623431887
0.451	0.6670094709008002
0.452	0.6817685007209038
0.453	0.6969833384231563
0.454	0.7126731364317255
0.455	0.7288580755628873
0.456	0.7455594324126754
0.457	0.7627996519708927
0.458	0.780602425930914
0.459	0.7989927772127553
0.46	0.8179971512704642
0.461	0.8376435148147025
0.462	0.8579614626482444
0.463	0.8789823333869738
0.464	0.9007393349228391
0.465	0.9232676805793273
0.466	0.9466047370158446
0.467	0.9707901850563909
0.468	0.9958661947520516
0.46900000000000003	1.0218776161382495
0.47000000000000003	1.0488721873187519
0.47100000000000003	1.0769007617021447
0.47200000000000003	1.1060175564360464
0.47300000000000003	1.136280424333688
0.47400000000000003	1.167751151871104
0.47500000000000003	1.200495786156334
0.47600000000000003	1.2345849941408467
0.47700000000000004	1.2700944577651103
0.47800000000000004	1.307105309213311
0.47900000000000004	1.3457046110065731
0.48000000000000004	1.3859858863015546
0.48100000000000004	1.4280497054956978
0.48200000000000004	1.4720043360884798
0.48300000000000004	1.517966463728988
0.48400000000000004	1.5660619935177642
0.48500000000000004	1.6164269419527653
0.48600000000000004	1.669208431449005
0.48700000000000004	1.724565801159199
0.48800000000000004	1.7826718499267697
0.48900000000000005	1.84371422967145
0.49000000000000005	1.9078970104122848
0.49100000000000005	1.9754424415590934
0.49200000000000005	2.0465929381565915
0.49300000000000005	2.121613325573915
0.49400000000000005	2.2007933818539938
0.49500000000000005	2.2844507237668332
0.49600000000000005	2.372934090788922
0.49700000000000005	2.466627091056607
0.49800000000000005	2.56595248518721
0.49900000000000005	2.671377098194586
0.5	2.7834174671325784
0.501	2.9026463533221025
0.502	3.029700273995755
0.503	3.165288240128466
0.504	3.310201926651276
0.505	3.465327550149694
0.506	3.631659790096622
0.507	3.810318166007713
0.508	4.002566379022529
0.509	4.209835248095168
0.51	4.433750025910125
0.511	4.676163078103541
0.512	4.939193165213894
0.513	5.225272898807766
0.514	5.537206377149214
0.515	5.878239577107321
0.516	6.252146837164676
0.517	6.663337780904694
0.518	7.11699039992142
0.519	7.6192178813855795
0.52	8.177279334190892
0.521	8.799848140922974
0.522	9.497356690723478
0.523	10.28244340948197
0.524	11.170538338848825
0.525	12.180638643431934
0.526	13.336347910269115
0.527	14.667287083278541
0.528	16.21103715947965
0.529	18.01585582924039
0.53	20.14454184271846
0.531	22.680037047260488
0.532	25.733720634464635
0.533	29.45798352032465
0.534	34.065808224001586
0.535	39.86220034447911
0.536	47.296444795036315
0.537	57.05259796933036
0.538	70.21390246942647
0.539	88.57918867539516
0.54	115.31602233582663
0.541	156.4326821231662
0.542	224.493675493468
0.543	349.548783841472
0.544	619.2102224356364
0.545	1388.1689453294646
0.546	5532.13142248041
0.547	0.
0.548	5490.056616866196
0.549	1367.1313533627372
0.55	605.184951117778
0.551	339.0296101150427
0.552	216.0781103507687
0.553	149.419481291102
0.554	109.30447504309844
0.555	83.318850940258
0.556	65.53781189432554
0.557	52.843881138306635
0.558	43.47010312693492
0.559	36.354485174077595
0.56	30.82768239048044
0.561	26.450918102805062
0.562	22.92689277579022
0.5630000000000001	20.048403457939138
0.5640000000000001	17.667478921445102
0.5650000000000001	15.676177527814504
0.5660000000000001	13.994271304418202
0.5670000000000001	12.561132617122814
0.5680000000000001	11.33026136124883
0.5690000000000001	10.26551457939571
0.5700000000000001	9.338459287830222
0.5710000000000001	8.526481880248326
0.5720000000000001	7.811416789315602
0.5730000000000001	7.178537645654524
0.5740000000000001	6.615805460565517
0.5750000000000001	6.113301660524832
0.5760000000000001	5.662795819437103
0.5770000000000001	5.257412735730784
0.5780000000000001	4.891373604554422
0.5790000000000001	4.5597930300186595
0.5800000000000001	4.258518529042764
0.5810000000000001	3.9840026625533924
0.5820000000000001	3.733200432262486
0.5830000000000001	3.5034863978835937
0.5840000000000001	3.292587301632855
0.5850000000000001	3.098526972696694
0.5860000000000001	2.919581020456681
0.5870000000000001	2.754239379490451
0.5880000000000001	2.601175189946984
0.5890000000000001	2.4592188184313812
0.5900000000000001	2.3273360720881575
0.5910000000000001	2.2046098504420324
0.5920000000000001	2.090224629211794
0.5930000000000001	1.9834532877498472
0.5940000000000001	1.8836458844445878
0.5950000000000001	1.7902200579733272
0.5960000000000001	1.7026527909663034
0.597	1.6204733196808614
0.598	1.5432570111768031
0.599	1.470620060147838
0.6	1.4022148824872165
0.601	1.337726103008966
0.602	1.2768670514175575
0.603	1.2193766943347142
0.604	1.1650169425183763
0.605	1.1135702817953925
0.606	1.0648376840357177
0.607	1.018636761009151
0.608	0.9748001294179062
0.609	0.9331739599763269
0.61	0.8936166872646352
0.611	0.855997860340248
0.612	0.8201971168483541
0.613	0.7861032657161594
0.614	0.7536134655098109
0.615	0.7226324872359796
0.616	0.6930720518272064
0.617	0.6648502338002944
0.618	0.6378909236516644
0.619	0.6121233424798656
0.62	0.5874816031251622
0.621	0.5639043128083586
0.622	0.5413342128512137
0.623	0.5197178515824309
0.624	0.4990052869872429
0.625	0.47914981605471335
0.626	0.46010772812297446
0.627	0.4418380798256114
0.628	0.4243024895081083
0.629	0.40746494921666343
0.63	0.39129165256703924
0.631	0.37575083698210077
0.632	0.3608126389464259
0.633	0.3464489610676123
0.634	0.3326333498589066
0.635	0.3193408832686515
0.636	0.306548067080461
0.637	0.2942327393955571
0.638	0.2823739824865963
0.639	0.2709520413817992
0.64	0.2599482486001826
0.641	0.2493449545141311
0.642	0.23912546286512437
0.643	0.2292739710028997
0.644	0.21977551445815383
0.645	0.21061591549474384
0.646	0.20178173531947405
0.647	0.19326022965658213
0.648	0.18503930742011795
0.649	0.1771074922409619
0.65	0.16945388662651034
0.651	0.1620681385502608
0.652	0.15494041028593372
0.653	0.14806134931652662
0.654	0.14142206116295983
0.655	0.13501408398995768
0.656	0.12882936485855995
0.657	0.12286023750537603
0.658	0.117099401538422
0.659	0.11153990294825487
0.66	0.1061751158412057
0.661	0.1009987253088769
0.662	0.09600471135481735
0.663	0.09118733380543126
0.664	0.08654111813781261
0.665	0.08206084216233732
0.666	0.07774152350257546
0.667	0.07357840781940092
0.668	0.06956695773014591
0.669	0.06570284237729224
0.67	0.06198192760453227
0.671	0.0584002667011151
0.672	0.054954091678214405
0.673	0.05163980504367086
0.674	0.04845397204385334
0.675	0.045393313343598314
0.676	0.042454698117233694
0.677	0.03963513752556972
0.678	0.03693177855548593
0.679	0.03434189820034984
0.68	0.03186289796099343
0.681	0.02949229864834773
0.682	0.027227735470114336
0.683	0.025066953385033654
0.684	0.023007802709405216
0.685	0.021048234961532807
0.686	0.01918629893071175
0.687	0.01742013695825134
0.6880000000000001	0.015747981418841202
0.6890000000000001	0.014168151391329533
0.6900000000000001	0.012679049508683617
0.6910000000000001	0.011279158977564332
0.6920000000000001	0.009967040758553711
0.6930000000000001	0.008741330898648711
0.6940000000000001	0.007600738008165849
0.6950000000000001	0.006544040874696079
0.6960000000000001	0.005570086207217404
0.6970000000000001	0.004677786503902042
0.6980000000000001	0.0038661180375646953
0.6990000000000001	0.003134118953074252
0.7000000000000001	0.002480887471410235
0.7010000000000001	0.001905580195375592
0.7020000000000001	0.001407410512291569
0.7030000000000001	0.0009856470892926237
0.7040000000000001	0.0006396124571149972
0.7050000000000001	0.000368681678530836
0.7060000000000001	0.0001722810978237765
0.7070000000000001	0.00004988716792993633
0.7080000000000001	1.0253520849613131e-6
0.7090000000000001	0.000025269097020560417
0.7100000000000001	0.0001222388749462903
0.7110000000000001	0.00029160129173377164
0.7120000000000001	0.0005330682588918262
0.7130000000000001	0.0008463962270838089
0.7140000000000001	0.0012313854790919065
0.7150000000000001	0.001687879480279613
0.7160000000000001	0.002215764284742199
0.7170000000000001	0.002814967995466975
0.7180000000000001	0.00348546027695078
0.7190000000000001	0.004227251918842694
0.7200000000000001	0.0050403944492935695
0.7210000000000001	0.005924979796805042
0.7220000000000001	0.006881139999474308
0.7230000000000001	0.007909046960633536
0.724	0.009008912249978405
0.725	0.010180986949375853
0.726	0.011425561542628878
0.727	0.012742965848567453
0.728	0.014133568996916413
0.729	0.01559777944647457
0.73	0.017136045045223272
0.731	0.018748853132054592
0.732	0.02043673067989357
0.733	0.022200244480061
0.734	0.024040001367796833
0.735	0.025956648488941966
0.736	0.027950873607845518
0.737	0.03002340545663819
0.738	0.032175014126084645
0.739	0.03440651149830163
0.74	0.036718751721695565
0.741	0.03911263172855092
0.742	0.04158909179576951
0.743	0.04414911614933953
0.744	0.04679373361317635
0.745	0.04952401830306804
0.746	0.052341090366519925
0.747	0.055246116769378795
0.748	0.058240312130196044
0.749	0.061324939603365304
0.75	0.06450131181216091
0.751	0.06777079183287998
0.752	0.07113479423138823
0.753	0.07459478615345201
0.754	0.07815228847033642
0.755	0.081808876981247
0.756	0.08556618367429039
0.757	0.08942589804772988
0.758	0.09338976849343072
0.759	0.09745960374448635
0.76	0.10163727438914383
0.761	0.10592471445327004
0.762	0.11032392305371305
0.763	0.11483696612506045
0.764	0.11946597822242738
0.765	0.12421316440304819
0.766	0.129080802189604
0.767	0.1340712436183705
0.768	0.1391869173754424
0.769	0.14443033102445402
0.77	0.1498040733294124
0.771	0.15531081667644103
0.772	0.1609533195984335
0.773	0.16673442940683614
0.774	0.1726570849349975
0.775	0.17872431939774872
0.776	0.18493926337214467
0.777	0.19130514790454048
0.778	0.1978253077494567
0.779	0.2045031847459827
0.78	0.21134233133776245
0.781	0.21834641424294457
0.782	0.2255192182807992
0.783	0.23286465036209064
0.784	0.24038674365064872
0.785	0.24808966190400303
0.786	0.25597770400137054
0.787	0.26405530866772037
0.788	0.27232705940313995
0.789	0.2807976896272206
0.79	0.2894720880487132
0.791	0.2983553042712871
0.792	0.3074525546468154
0.793	0.3167692283882533
0.794	0.3263108939548545
0.795	0.33608330572320433
0.796	0.34609241095828885
0.797	0.35634435709964707
0.798	0.366845499378533
0.799	0.3776024087829006
0.8	0.3886218803880306
0.801	0.3999109420716534
0.802	0.4114768636335208
0.803	0.42332716634057077
0.804	0.43546963292009144
0.805	0.4479123180246152
0.806	0.4606635591937231
0.807	0.473731988339461
0.808	0.4871265437836903
0.809	0.5008564828774464
0.81	0.514931395234237
0.811	0.5293612166111853
0.812	0.5441562434740758
0.8130000000000001	0.5593271482846023
0.8140000000000001	0.5748849955505627
0.8150000000000001	0.590841258682374
0.8160000000000001	0.6072078377020121
0.8170000000000001	0.6239970778535463
0.8180000000000001	0.6412217891675739
0.8190000000000001	0.6588952670353617
0.8200000000000001	0.6770313138521369
0.8210000000000001	0.695644261792978
0.8220000000000001	0.7147489967890088
0.8230000000000001	0.7343609837761401
0.8240000000000001	0.75449629329358
0.8250000000000001	0.7751716295146028
0.8260000000000001	0.7964043597977756
0.8270000000000001	0.8182125458529936
0.8280000000000001	0.840614976623282
0.8290000000000001	0.8636312029905086
0.8300000000000001	0.8872815744207916
0.8310000000000001	0.9115872776737763
0.8320000000000001	0.9365703777089002
0.8330000000000001	0.9622538609314948
0.8340000000000001	0.9886616809321178
0.8350000000000001	1.0158188068837821
0.8360000000000001	1.0437512747742292
0.8370000000000001	1.0724862416635532
0.8380000000000001	1.1020520431721197
0.8390000000000001	1.1324782544193157
0.8400000000000001	1.1637957546507574
0.8410000000000001	1.1960367958101212
0.8420000000000001	1.2292350753318355
0.8430000000000001	1.263425813452876
0.8440000000000001	1.2986458353656465
0.8450000000000001	1.3349336585599978
0.8460000000000001	1.3723295857307574
0.8470000000000001	1.410875803657968
0.8480000000000001	1.4506164885009334
0.8490000000000001	1.4915979179839376
0.8500000000000001	1.5338685909918655
0.8510000000000001	1.5774793551381603
0.8520000000000001	1.6224835429158369
0.853	1.66893711709539
0.854	1.7168988260914622
0.855	1.7664303700841775
0.856	1.8175965787511956
0.857	1.870465601543763
0.858	1.925109111525144
0.859	1.9816025238835742
0.86	2.040025230335187
0.861	2.1004608507467393
0.862	2.162997503434
0.863	2.2277280957315084
0.864	2.294750636583861
0.865	2.3641685730804793
0.866	2.436091153045821
0.867	2.51063381600879
0.868	2.5879186151101217
0.869	2.6680746727686278
0.87	2.7512386732192167
0.871	2.8375553953615733
0.872	2.927178289722848
0.873	3.0202701037452164
0.874	3.117003560066057
0.875	3.217562092970854
0.876	3.32214064877448
0.877	3.4309465565339416
0.878	3.5442004762249217
0.879	3.662137432337097
0.88	3.785007941772363
0.881	3.9130792459813972
0.882	4.046636658465118
0.883	4.185985040119344
0.884	4.331450416437525
0.885	4.4833817523354575
0.886	4.642152902357381
0.887	4.808164756301662
0.888	4.981847602913146
0.889	5.163663737280048
0.89	5.354110341009194
0.891	5.553722668207983
0.892	5.763077574862257
0.893	5.982797434469828
0.894	6.213554488893062
0.895	6.4560756904783645
0.896	6.711148099730131
0.897	6.979624912434098
0.898	7.262432201352981
0.899	7.560576470769899
0.9	7.875153137605127
0.901	8.207356071023593
0.902	8.558488343931938
0.903	8.929974375199828
0.904	9.323373671644994
0.905	9.740396414797921
0.906	10.182921180445241
0.907	10.653015130470635
0.908	11.152957078470912
0.909	11.685263905393988
0.91	12.252720891999353
0.911	12.85841664502179
0.912	13.505783428256931
0.913	14.19864387438814
0.914	14.941265255910734
0.915	15.738422743814178
0.916	16.595473393441175
0.917	17.51844298460778
0.918	18.514128329081714
0.919	19.59021827103918
0.92	20.75543738229823
0.921	22.01971734337531
0.922	23.394402269818805
0.923	24.89249587998268
0.924	26.528960526480745
0.925	28.321080894826718
0.926	30.288908838255644
0.927	32.4558106866142
0.928	34.8491448886168
0.929	37.50110665893624
0.93	40.44978832139669
0.931	43.740520599053966
0.932	47.427583160158726
0.933	51.5764052042678
0.934	56.26642317329658
0.935	61.5948295563004
0.936	67.68154475216053
0.937	74.67588974669894
0.9380000000000001	82.76565789299259
0.9390000000000001	92.18962375260485
0.9400000000000001	103.25506055329531
0.9410000000000001	116.36269442828424
0.9420000000000001	132.042932012527
0.9430000000000001	151.00957579784662
0.9440000000000001	174.24137651230754
0.9450000000000001	203.10920449219142
0.9460000000000001	239.58049368397323
0.9470000000000001	286.55963344813927
0.9480000000000001	348.47828495287183
0.9490000000000001	432.36949270915574
0.9500000000000001	549.9377527052919
0.9510000000000001	721.8385628234292
0.9520000000000001	987.3374562609823
0.9530000000000001	1428.7276809122025
0.9540000000000001	2243.263730446318
0.9550000000000001	4007.358971428442
0.9560000000000001	9060.056130536073
0.9570000000000001	36414.20036478515
0.9580000000000001	0.
0.9590000000000001	36762.09563632582
0.9600000000000001	9234.003445373959
0.9610000000000001	4123.323491358632
0.9620000000000001	2330.23674588522
0.9630000000000001	1498.305707988728
0.9640000000000001	1045.3187529985726
0.9650000000000001	771.5364194782333
0.9660000000000001	593.4229756429693
0.9670000000000001	471.0226194611651
0.9680000000000001	383.26569174464277
0.9690000000000001	318.18413930533893
0.9700000000000001	268.5692128277811
0.9710000000000001	229.8676093518017
0.9720000000000001	199.0880525186322
0.9730000000000001	174.19939124599554
0.9740000000000001	153.7829673422265
0.9750000000000001	136.82348642182225
0.9760000000000001	122.57872314511701
0.9770000000000001	110.49583178374938
0.9780000000000001	100.15613492689408
0.9790000000000001	91.23782735740679
0.98	83.49024470158196
0.981	76.71577158506584
0.982	70.75690200185328
0.983	65.48684013373038
0.984	60.80257582682892
0.985	56.61971684845693
0.986	52.86858617622171
0.987	49.491242223521965
0.988	46.439180602672096
0.989	43.67154482832158
0.99	41.15372104249722
0.991	38.856225320145576
0.992	36.753815909236685
0.993	34.82477986646749
0.994	33.05035598000408
0.995	31.414264993595665
0.996	29.902324904930502
0.997	28.50213416241024
0.998	27.20280939136913
0.999	25.99476717236736
1.	24.869541606958407
1.001	23.819631111581202
1.002	22.83836920316626
1.003	21.919815072912044
1.004	21.05866055594936
1.005	20.250150745508336
1.006	19.490016009256284
1.007	18.774413571964658
1.008	18.09987715483883
1.009	17.463273424867328
1.01	16.861764220577694
1.011	16.292773693921827
1.012	15.753959649609522
1.013	15.243188479376968
1.014	14.758513184326771
1.015	14.298154057546958
1.016	13.860481664800353
1.017	13.444001815677453
1.018	13.04734226319655
1.019	12.669240908048732
1.02	12.308535315787463
1.0210000000000001	11.964153382338422
1.022	11.635105006085007
1.0230000000000001	11.320474644189293
1.024	11.019414647302058
1.0250000000000001	10.731139280869483
1.026	10.454919353261811
1.0270000000000001	10.19007738123198
1.028	9.935983232053296
1.0290000000000001	9.692050189282249
1.03	9.45773139565612
1.0310000000000001	9.23251663229846
1.032	9.015929398321411
1.0330000000000001	8.807524259170696
1.034	8.606884435771713
1.0350000000000001	8.413619609760561
1.036	8.22736392290942
1.0370000000000001	8.047774151317837
1.038	7.874528037107677
1.0390000000000001	7.707322762253248
1.04	7.545873550849605
1.0410000000000001	7.389912387588562
1.042	7.239186841510796
1.0430000000000001	7.0934589852451095
1.044	6.952504400961222
1.045	6.816111265158724
1.046	6.68407950521334
1.047	6.556220021308625
1.048	6.432353968011645
1.049	6.312312090314441
1.05	6.195934109461467
1.051	6.083068154334366
1.052	5.973570234563134
1.053	5.867303751894
1.054	5.764139046664449
1.055	5.663952976526262
1.056	5.566628524815994
1.057	5.472054436207325
1.058	5.380124877489267
1.059	5.29073912150525
1.06	5.203801252458671
1.061	5.1192198909465505
1.062	5.036907937222169
1.063	4.956782331315826
1.064	4.878763828756722
1.065	4.802776790744847
1.066	4.72874898771529
1.067	4.656611415325301
1.068	4.5862981219711765
1.069	4.51774604701541
1.07	4.450894868968098
1.071	4.385686862927455
1.072	4.322066766637539
1.073	4.259981654571827
1.074	4.199380819495863
1.075	4.1402156610046115
1.076	4.082439580567332
1.077	4.026007882648617
1.078	3.9708776815054154
1.079	3.917007813289943
1.08	3.8643587531148818
1.081	3.8128925367626505
1.082	3.7625726867426934
1.083	3.7133641424226047
1.084	3.6652331939774596
1.085	3.618147419920442
1.086	3.572075627993516
1.087	3.5269877992129097
1.088	3.48285503487759
1.089	3.439649506362484
1.09	3.397344407529658
1.091	3.355913909602432
1.092	3.3153331183571084
1.093	3.275578033497073
1.094	3.236625510082425
1.095	3.1984532218970627
1.096	3.1610396266420158
1.097	3.1243639328519075
1.098	3.088406068436891
1.099	3.053146650759607
1.1	3.0185669581615096
1.101	2.984648902858891
1.102	2.951375005133365
1.103	2.9187283687465886
1.104	2.8866926575128637
1.105	2.855252072967797
1.106	2.824391333074276
1.107	2.794095651911181
1.108	2.7643507202928834
1.109	2.735142687271216
1.11	2.706458142473822
1.111	2.678284099236112
1.112	2.6506079784859153
1.113	2.623417593342761
1.114	2.596701134395486
1.115	2.5704471556243207
1.116	2.544644560935077
1.117	2.519282591275325
1.118	2.494350812303654
1.119	2.4698391025851874
1.12	2.44573764228751
1.121	2.4220369023530193
1.122	2.3987276341246795
1.123	2.375800859403623
1.124	2.3532478609179415
1.125	2.3310601731835208
1.1260000000000001	2.3092295737382553
1.127	2.287748074732493
1.1280000000000001	2.2666079148589597
1.129	2.2458015516067684
1.1300000000000001	2.2253216538244476
1.131	2.2051610945781195
1.1320000000000001	2.1853129442912924
1.133	2.165770464153731
1.1340000000000001	2.1465270997872783
1.135	2.127576475157249
1.1360000000000001	2.1089123867184973
1.137	2.090528797785857
1.1380000000000001	2.072419833119151
1.139	2.054579773713369
1.1400000000000001	2.037003051785233
1.141	2.0196842459476736
1.1420000000000001	2.0026180765641
1.143	1.9857994012749403
1.1440000000000001	1.9692232106890601
1.145	1.9528846242332003
1.1460000000000001	1.9367788861527135
1.147	1.920901361657447
1.1480000000000001	1.9052475332065997
1.149	1.8898129969269812
1.1500000000000001	1.874593459159058
1.151	1.8591248457196388
1.1520000000000001	1.8438703548800386
1.153	1.8288258520365492
1.1540000000000001	1.813987304049177
1.155	1.7993507762349674
1.1560000000000001	1.7849124294653982
1.157	1.7706685173638435
1.1580000000000001	1.756615383599039
1.159	1.7427494592709123
1.1600000000000001	1.729067260385094
1.161	1.7155653854127058
1.1620000000000001	1.702240512932147
1.163	1.6890893993497087
1.1640000000000001	1.676108876696007
1.165	1.6632958504953892
1.1660000000000001	1.6506472977054893
1.167	1.6381602647243692
1.1680000000000001	1.6258318654626214
1.169	1.6136592794781344
1.1700000000000002	1.6016397501710626
1.171	1.589770583036869
1.1720000000000002	1.5780491439752735
1.173	1.5664728576530862
1.174	1.5550392059189013
1.175	1.5437457262678644
1.176	1.532590010354628
1.177	1.5215697025528088
1.178	1.510682498559265
1.179	1.4999261440416134
1.18	1.4892984333274542
1.181	1.4787972081338072
1.182	1.4684203563353868
1.183	1.4581658107703444
1.184	1.4480315480821524
1.185	1.4380155875964125
1.186	1.4281159902313783
1.187	1.4183308574410007
1.188	1.4086583301894458
1.189	1.3990965879559487
1.19	1.3896438477690292
1.191	1.3802983632690482
1.192	1.3710584237981784
1.193	1.3619223535168206
1.194	1.3528885105456787
1.195	1.343955286132535
1.196	1.3351211038429849
1.197	1.3263844187743346
1.198	1.317743716791859
1.199	1.3091975137867533
1.2	1.3007443549550246
1.201	1.292382814096663
1.202	1.2841114929344781
1.203	1.275929020451879
1.204	1.2678340522491023
1.205	1.2598252699172117
1.206	1.2519013804293746
1.207	1.2446697489505536
1.208	1.2376642663813822
1.209	1.2307309759895286
1.21	1.223868819554477
1.211	1.2170767587177977
1.212	1.2103537745307786
1.213	1.203698867014138
1.214	1.1971110547294341
1.215	1.190589374361859
1.216	1.1841328803140159
1.217	1.1777406443103906
1.218	1.1714117550121859
1.219	1.1651453176421833
1.22	1.1589404536193815
1.221	1.1525113904201316
1.222	1.1459146266379132
1.223	1.1393826038557606
1.224	1.132914421525331
1.225	1.126509195140537
1.226	1.120166055890859
1.227	1.113884150323397
1.228	1.107662640013511
1.229	1.1015007012437024
1.23	1.095397524690566
1.231	1.0893523151195408
1.232	1.0833642910872718
1.233	1.0774326846513336
1.234	1.0715567410871276
1.235	1.065831357542872
1.236	1.0601797267409907
1.237	1.0545803392231186
1.238	1.0490325074599376
1.239	1.0435355555272945
1.24	1.0380888188683428
1.241	1.0326916440613683
1.242	1.0273433885932042
1.243	1.0220434206380358
1.244	1.0167911188414864
1.245	1.0115858721098172
1.246	1.0064270794041075
1.247	1.0013141495392726
1.248	0.9962363913931797
1.249	0.9911054042842865
1.25	0.9860196628771248
1.2510000000000001	0.9809785990490114
1.252	0.9759816538352077
1.2530000000000001	0.9710282772495653
1.254	0.9661179281093164
1.2550000000000001	0.961250073863868
1.256	0.956424190427512
1.2570000000000001	0.9516397620159268
1.258	0.9468962809864039
1.2590000000000001	0.9421932476816774
1.26	0.937530170277273
1.2610000000000001	0.9329065646322694
1.262	0.928340389428607
1.2630000000000001	0.9238446148031428
1.264	0.919386416053694
1.2650000000000001	0.9149653444352139
1.266	0.9105809580918385
1.2670000000000001	0.9062328219282914
1.268	0.9019205074841258
1.2690000000000001	0.8976435928106958
1.27	0.893401662350835
1.2710000000000001	0.889194306821117
1.272	0.8850211230966792
1.2730000000000001	0.8808817140985323
1.274	0.876775688683289
1.2750000000000001	0.8727026615352454
1.276	0.8686322064917812
1.2770000000000001	0.8645770812515081
1.278	0.8605542667592752
1.2790000000000001	0.8565633948197278
1.28	0.8526041026372024
1.2810000000000001	0.8486760327194064
1.282	0.8447788327831202
1.2830000000000001	0.8409121556618468
1.284	0.8370756592154228
1.2850000000000001	0.8332690062414679
1.286	0.8294918643886969
1.2870000000000001	0.825743906071996
1.288	0.8220248083892736
1.2890000000000001	0.8183342530399863
1.29	0.8147925981604922
1.2910000000000001	0.8112902758526467
1.292	0.8078144067107145
1.2930000000000001	0.8043647031814265
1.294	0.8009408817401251
1.2950000000000002	0.7975426628220357
1.296	0.7941697707549366
1.2970000000000002	0.7908219336931707
1.298	0.7874988835529624
1.2990000000000002	0.7842003559490301
1.3	0.7809260901324604
1.301	0.7776758289297886
1.302	0.7744493186832985
1.303	0.7712166045204368
1.304	0.76786974753271
1.305	0.7645473159440206
1.306	0.761249054257131
1.307	0.757974710422075
1.308	0.7547240357795368
1.309	0.7514967850053011
1.31	0.748292716055791
1.311	0.7451115901146441
1.312	0.7419531715403164
1.313	0.7388172278146761
1.314	0.735703529492588
1.315	0.7326118501524572
1.316	0.7295419663476875
1.317	0.7265291046071728
1.318	0.7235808353739926
1.319	0.7206530649607985
1.32	0.7177455880331025
1.321	0.7148582019131299
1.322	0.7119907065379263
1.323	0.7091429044182653
1.324	0.7063146005982995
1.325	0.7035056026159453
1.326	0.7007157204640302
1.327	0.6979447665521176
1.328	0.6951925556690528
1.329	0.6924589049461821
1.33	0.6897436338212409
1.331	0.6870734378945225
1.332	0.6844315300449721
1.333	0.6818071843300102
1.334	0.6792002319350411
1.335	0.6766105061441562
1.336	0.6740378423083064
1.337	0.6714820778140775
1.338	0.6689430520529941
1.339	0.6664206063913893
1.34	0.6639145841407862
1.341	0.6614248305288216
1.342	0.658951192670673
1.343	0.656493519540977
1.344	0.6540516619462706
1.345	0.651590401468562
1.346	0.6491445654027749
1.347	0.6467143719158784
1.348	0.6442996763631471
1.349	0.6419003358318032
1.35	0.639516209115703
1.351	0.6371471566904999
1.352	0.6347930406892044
1.353	0.6324537248781749
1.354	0.6301290746335075
1.355	0.6278189569178517
1.356	0.6255232402575764
1.357	0.6232417947203762
1.358	0.6209832931576493
1.359	0.6187636104285493
1.36	0.6165575742474528
1.361	0.6143650628668165
1.362	0.6121859559472664
1.363	0.6100201345377463
1.364	0.6078674810559476
1.365	0.6057278792691128
1.366	0.6036012142751205
1.367	0.6014873724839017
1.368	0.5993862415991558
1.369	0.5972977106003716
1.37	0.5952216697251216
1.371	0.5931580104516884
1.372	0.5910554260146424
1.373	0.5889204314498939
1.374	0.5867981769753516
1.375	0.5846885528831546
1.3760000000000001	0.5825914506917845
1.377	0.580506763129335
1.3780000000000001	0.578434384117052
1.379	0.576374208753137
1.3800000000000001	0.574326133296808
1.381	0.5722900551526214
1.3820000000000001	0.5702658728550247
1.383	0.5682534860531826
1.3840000000000001	0.5662527954960201
1.385	0.5642637030175122
1.3860000000000001	0.5623596660709288
1.387	0.5604845559796825
1.3880000000000001	0.5586201327558254
1.389	0.5567663077343974
1.3900000000000001	0.5549229932067118
1.391	0.553090102407746
1.3920000000000001	0.5512675495037518
1.393	0.5494552495800419
1.3940000000000001	0.5476531186289864
1.395	0.5458610735381674
1.3960000000000001	0.5440790320787298
1.397	0.5423069128939225
1.3980000000000001	0.5405446354877882
1.399	0.5387878182280782
1.4000000000000001	0.536986729469983
1.401	0.5351956315172117
1.4020000000000001	0.5334144440385246
1.403	0.5316430875434551
1.4040000000000001	0.5298814833715613
1.405	0.528129553681828
1.4060000000000001	0.5263872214422518
1.407	0.5246544104195758
1.4080000000000001	0.5229310451691578
1.409	0.5212170510250167
1.4100000000000001	0.5195123540900131
1.411	0.5178168812261813
1.4120000000000001	0.5161305600451946
1.413	0.5144437222748668
1.4140000000000001	0.512747758846281
1.415	0.511060914692682
1.4160000000000001	0.5093831188967113
1.417	0.5077143012599494
1.4180000000000001	0.5060543922939953
1.419	0.5044033232117127
1.4200000000000002	0.5027610259185684
1.421	0.501127433004119
1.4220000000000002	0.4995024777336099
1.423	0.4978860940397061
1.4240000000000002	0.49627821651433085
1.425	0.4946787804006318
1.4260000000000002	0.4930877215850522
1.427	0.49121119148442005
1.428	0.48916202386253205
1.429	0.4871242896264745
1.43	0.4850979017832522
1.431	0.48308277419971885
1.432	0.48107882159219817
1.433	0.47908595951623
1.434	0.4771041043564819
1.435	0.47513317331679017
1.436	0.47317308441035416
1.437	0.4712237564500538
1.438	0.46928510903891407
1.439	0.46735706256070225
1.44	0.4654395381706581
1.441	0.46373520931102163
1.442	0.4620657239743768
1.443	0.46040495754483096
1.444	0.458752846164166
1.445	0.45710932658466036
1.446	0.45547433616196614
1.447	0.453847812848056
1.448	0.4522296951842902
1.449	0.45102864792888914
1.45	0.4512385432068622
1.451	0.4514485729626022
1.452	0.4516587428002909
1.453	0.45186905833583874
1.454	0.4520795251968981
1.455	0.4522901490228643
1.456	0.45250093546489173
1.457	0.45271189018588975
1.458	0.4529230188605419
1.459	0.45313432231881445
1.46	0.4533457905993876
1.461	0.45355745086603716
1.462	0.45376930969444457
1.463	0.453981373674675
1.464	0.4541936494111854
1.465	0.4544061435228497
1.466	0.454618862642964
1.467	0.45483181341927015
1.468	0.4550450025139726
1.469	0.45525843660375337
1.47	0.4554721223797965
1.471	0.45568606654780297
1.472	0.45590027582801307
1.473	0.45611481787009006
1.474	0.45632966415843657
1.475	0.45654479117961977
1.476	0.4567602028104323
1.477	0.4569759029336351
1.478	0.4571918954379676
1.479	0.45740818421815926
1.48	0.45762477317493505
1.481	0.45784166621503286
1.482	0.45805886725120837
1.483	0.4582763802022482
1.484	0.45849420899297966
1.485	0.45871235755428597
1.486	0.45893084565332887
1.487	0.4591499081099735
1.488	0.459369293897055
1.489	0.45958899847896517
1.49	0.4598090173007755
1.491	0.4600293457881876
1.492	0.4602499793475149
1.493	0.4604709133656355
1.494	0.4606921432099658
1.495	0.4609136642284235
1.496	0.46113547174939773
1.497	0.46135756108171383
1.498	0.4615799275146011
1.499	0.46180256631766076
1.5	0.46202557493760227
1.5010000000000001	0.46224906057278875
1.502	0.4624727919259255
1.5030000000000001	0.46269675408612326
1.504	0.4629209320924757
1.5050000000000001	0.463145310933999
1.506	0.4633698755495628
1.5070000000000001	0.463594610827836
1.508	0.4638195016072322
1.5090000000000001	0.46404453267585927
1.51	0.4642696887714701
1.5110000000000001	0.4644949545814227
1.512	0.4647203147426406
1.5130000000000001	0.46494575384157916
1.514	0.4651711450385495
1.5150000000000001	0.4653964454572274
1.516	0.4656217888296689
1.5170000000000001	0.4658471673977029
1.518	0.46607257337589686
1.5190000000000001	0.46629799895154506
1.52	0.4665234362846598
1.5210000000000001	0.46674887750795174
1.522	0.46697431472683015
1.5230000000000001	0.46719974001939374
1.524	0.46742514543641855
1.5250000000000001	0.46765052300135546
1.526	0.46787586471032644
1.5270000000000001	0.46810116253211936
1.528	0.4683262260873578
1.5290000000000001	0.4685509928201535
1.53	0.46877570869281954
1.5310000000000001	0.4690003784925531
1.532	0.4692250070170726
1.5330000000000001	0.4694495990746124
1.534	0.4696741594839068
1.5350000000000001	0.4698986930741764
1.536	0.47012320468511914
1.5370000000000001	0.47034769916689523
1.538	0.47057218138011747
1.5390000000000001	0.4707966561958391
1.54	0.47102112849554445
1.5410000000000001	0.4712456031711334
1.542	0.47147019601047313
1.5430000000000001	0.4716950566410385
1.544	0.471919921110618
1.5450000000000002	0.4721447832972727
1.546	0.4723696370573821
1.5470000000000002	0.4725944762256383
1.548	0.4728192946150403
1.5490000000000002	0.473044086016884
1.55	0.47326884420075943
1.5510000000000002	0.47349356291454353
1.552	0.47371823588439393
1.5530000000000002	0.47394285681475035
1.554	0.4741674193883277
1.5550000000000002	0.4743919172661125
1.556	0.47461633629382144
1.557	0.474840426924475
1.558	0.47506444086520005
1.559	0.47528837931337337
1.56	0.4755122434664809
1.561	0.47573603452211455
1.562	0.47595975367795046
1.563	0.4761834021317445
1.564	0.47640698108131513
1.565	0.47663049172453953
1.566	0.47685393525933234
1.567	0.4770773128836397
1.568	0.4773006257954261
1.569	0.4775238751926642
1.57	0.47774706227331964
1.571	0.4779702348217322
1.572	0.4781933725144661
1.573	0.4784164482479232
1.574	0.47863946111631606
1.575	0.47886241020785075
1.576	0.4790852946047307
1.577	0.479308113383137
1.578	0.47953086561322195
1.579	0.4797535503590986
1.58	0.4799761666788392
1.581	0.4801987136244546
1.582	0.4804211902418934
1.583	0.4806435955710264
1.584	0.4808659286456448
1.585	0.48108820055032037
1.586	0.48131049526930897
1.587	0.48153271166610284
1.588	0.4817548456513653
1.589	0.48197689312098435
1.59	0.48219884995606704
1.591	0.482420712022939
1.592	0.48264247517313297
1.593	0.482864135243395
1.594	0.48308568805567886
1.595	0.48330712941713994
1.596	0.48352845512013926
1.597	0.4837496609422345
1.598	0.48397074264618467
1.599	0.4841916959799452
1.6	0.48441243730671885
1.601	0.48463294261556067
1.602	0.4848533134394522
1.603	0.48507355048013784
1.604	0.48529365443831374
1.605	0.4855136260136154
1.606	0.485733465904597
1.607	0.4859531748087256
1.608	0.4861727534223658
1.609	0.48639220244076037
1.61	0.486611522558026
1.611	0.48683071446713116
1.612	0.48704977885988776
1.613	0.487268716426936
1.614	0.48748752785772603
1.615	0.48770628790288334
1.616	0.4879249631354389
1.617	0.4881435094301357
1.618	0.48836192431008907
1.619	0.48858020528862584
1.62	0.4887983498692748
1.621	0.4890163555457677
1.622	0.4892342198020255
1.623	0.48945194011216053
1.624	0.48966951394046493
1.625	0.48988693874140693
1.6260000000000001	0.4901042119596285
1.627	0.49032133102993586
1.6280000000000001	0.49053829337729793
1.629	0.49075509641683923
1.6300000000000001	0.4909716943977304
1.631	0.4911881103652408
1.6320000000000001	0.49140436186056335
1.633	0.4916204479141128
1.6340000000000001	0.4918363675508291
1.635	0.4920521197901647
1.6360000000000001	0.49226770364607436
1.637	0.4924831181270033
1.6380000000000001	0.49269836223588354
1.639	0.49291343497011414
1.6400000000000001	0.49312833532156103
1.641	0.49334306227653807
1.6420000000000001	0.4935576148158009
1.643	0.4937719919145413
1.6440000000000001	0.4939861925423654
1.645	0.4942002493733779
1.6460000000000001	0.4944141467072679
1.647	0.49462786229730227
1.6480000000000001	0.4948413936819199
1.649	0.4950547383902564
1.6500000000000001	0.49526789394214293
1.651	0.49548085784809076
1.6520000000000001	0.4956936276092935
1.653	0.49590620071762576
1.6540000000000001	0.49611857465562476
1.655	0.4963307468965006
1.6560000000000001	0.49654271490412116
1.657	0.4967544761330108
1.6580000000000001	0.4969660280283477
1.659	0.4971773680259565
1.6600000000000001	0.49738844773249796
1.661	0.4975992454886243
1.6620000000000001	0.4978098273852653
1.663	0.4980201937055805
1.6640000000000001	0.4982303447307373
1.665	0.49844028073989355
1.6660000000000001	0.4986500020101855
1.667	0.498859508816707
1.6680000000000001	0.49906880143249666
1.669	0.4992778801285172
1.6700000000000002	0.49948674517364366
1.671	0.49969539683464426
1.6720000000000002	0.4999038353761638
1.673	0.5001120610607027
1.6740000000000002	0.5003200741486098
1.675	0.5005278879826065
1.6760000000000002	0.5007356939286277
1.677	0.5009432827591034
1.6780000000000002	0.5011506492050344
1.679	0.5013577879812994
1.6800000000000002	0.5015646937866676
1.681	0.5017713613038032
1.6820000000000002	0.5019777851992746
1.683	0.5021839601235599
1.6840000000000002	0.5023898807110573
1.685	0.5025955415800957
1.686	0.5028009373329412
1.687	0.5030060625558088
1.688	0.5032109118188712
1.689	0.5034154796762731
1.69	0.5036197606661386
1.691	0.5038235607213323
1.692	0.5040269187328534
1.693	0.5042299856262001
1.694	0.5044327642581613
1.695	0.5046352574901083
1.696	0.5048374681879694
1.697	0.5050393992221918
1.698	0.5052410534677102
1.699	0.5054424338039156
1.7	0.5056435431146176
1.701	0.5058443842880188
1.702	0.5060449602166716
1.703	0.5062452737974567
1.704	0.5064453279315413
1.705	0.5066451255243485
1.706	0.5068446694855283
1.707	0.5070442667637393
1.708	0.5072436361277477
1.709	0.5074427459286996
1.71	0.5076415909982847
1.711	0.5078401661528842
1.712	0.5080384661935777
1.713	0.5082364859061519
1.714	0.5084342200611116
1.715	0.5086316634136796
1.716	0.5088288107038188
1.717	0.5090256566562328
1.718	0.5092221959803778
1.719	0.5094184233704783
1.72	0.5096143335055299
1.721	0.5098099210493197
1.722	0.5100051517077359
1.723	0.5101998563357628
1.724	0.5103942277714494
1.725	0.5105882659484783
1.726	0.5107819707978642
1.727	0.5109753422479455
1.728	0.5111683802243487
1.729	0.5113610846499781
1.73	0.5115534554449886
1.731	0.5117454925267705
1.732	0.5119371958099301
1.733	0.5121285652062612
1.734	0.5123196006247298
1.735	0.5125103019714554
1.736	0.5127006691496846
1.737	0.5128907020597722
1.738	0.5130804000289488
1.739	0.5132697612558258
1.74	0.5134587879717029
1.741	0.5136474801321957
1.742	0.5138358376900725
1.743	0.5140238605952346
1.744	0.514211548794694
1.745	0.5143989022325495
1.746	0.5145859208499708
1.747	0.5147726045851618
1.748	0.5149589533733578
1.749	0.5151449671467875
1.75	0.515330645834656
1.7510000000000001	0.5155159893631192
1.752	0.5157009976552669
1.7530000000000001	0.5158856706310931
1.754	0.5160700017210382
1.7550000000000001	0.5162539499771831
1.756	0.5164375639292668
1.7570000000000001	0.5166208447317918
1.758	0.5168037935388169
1.7590000000000001	0.516986411503923
1.76	0.5171686997801898
1.7610000000000001	0.5173506595201507
1.762	0.5175322918757728
1.7630000000000001	0.5177135979984195
1.764	0.5178945790388206
1.7650000000000001	0.5180752361470335
1.766	0.5182555704724232
1.7670000000000001	0.5184355831636173
1.768	0.5186152753684783
1.7690000000000001	0.5187946482340764
1.77	0.5189737029066461
1.7710000000000001	0.5191525916342767
1.772	0.5193311801247007
1.7730000000000001	0.519509446960621
1.774	0.5196873894252572
1.7750000000000001	0.5198650047925328
1.776	0.5200422903270683
1.7770000000000001	0.5202192432841727
1.778	0.520395860909836
1.7790000000000001	0.520572140440717
1.78	0.5207480791041366
1.7810000000000001	0.5209236741180672
1.782	0.521098922691122
1.7830000000000001	0.5212738220225545
1.784	0.5214483693022374
1.7850000000000001	0.5216225617106621
1.786	0.5217963964189285
1.7870000000000001	0.5219698398576204
1.788	0.522142890965256
1.7890000000000001	0.5223155777195734
1.79	0.5224878985955284
1.7910000000000001	0.5226598520614473
1.792	0.522831436579004
1.7930000000000001	0.5230026506032085
1.794	0.5231734925823858
1.7950000000000002	0.5233439609581557
1.796	0.5235140541654155
1.7970000000000002	0.523683770632324
1.798	0.5238531087802759
1.7990000000000002	0.5240220670238912
1.8	0.5241906437709926
1.8010000000000002	0.5243588374225854
1.802	0.5245266463728395
1.8030000000000002	0.5246940690090741
1.804	0.5248610047112948
1.8050000000000002	0.5250275507763837
1.806	0.5251937098067685
1.8070000000000002	0.5253594823771042
1.808	0.5255248690595654
1.8090000000000002	0.5256898704238117
1.81	0.5258544870369514
1.8110000000000002	0.5260187194635025
1.812	0.5261825682653611
1.813	0.5263460340017609
1.814	0.5265091172292328
1.815	0.5266718185015781
1.816	0.5268341383698188
1.817	0.5269960773821685
1.818	0.5271576360839919
1.819	0.5273188150177696
1.82	0.5274797090831654
1.821	0.5276404427353323
1.822	0.5278007901528927
1.823	0.527960745123672
1.824	0.5281203014191912
1.825	0.5282794527946709
1.826	0.5284381929890599
1.827	0.5285965157250329
1.828	0.528754414709014
1.829	0.5289118836311886
1.83	0.5290689161655201
1.831	0.5292255059697638
1.832	0.5293816466854869
1.833	0.5295373319380793
1.834	0.5296925553367786
1.835	0.5298473104746816
1.836	0.5300015909287673
1.837	0.5301552166050907
1.838	0.530308153997559
1.839	0.530460608163091
1.84	0.5306125805633314
1.841	0.5307640726588886
1.842	0.5309150859092854
1.843	0.5310656217728998
1.844	0.5312156817069236
1.845	0.5313652671672986
1.846	0.5315143796086685
1.847	0.5316630204843273
1.848	0.5318111912461652
1.849	0.5319588933446121
1.85	0.5321061282285875
1.851	0.5322528973454458
1.852	0.5323992021409196
1.853	0.5325450440590721
1.854	0.5326905264744578
1.855	0.5328356620369279
1.856	0.53298033290458
1.857	0.5331245360307428
1.858	0.5332682683586835
1.859	0.5334115268215958
1.86	0.5335543083425807
1.861	0.5336966098346341
1.862	0.5338384282006303
1.863	0.533979760333302
1.864	0.5341206031152312
1.865	0.5342609534188312
1.866	0.5344008081063302
1.867	0.5345401640297527
1.868	0.5346790180309097
1.869	0.5348173669413814
1.87	0.5349552075824999
1.871	0.5350925351647569
1.872	0.5352293447183374
1.873	0.5353656365287407
1.874	0.5355014074775755
1.875	0.5356366544362927
1.8760000000000001	0.5357713742661845
1.877	0.5359055638183506
1.8780000000000001	0.5360392199336922
1.879	0.5361723394428926
1.8800000000000001	0.5363049191663979
1.881	0.5364369559143995
1.8820000000000001	0.5365684464868224
1.883	0.5366993876733042
1.8840000000000001	0.5368297762531753
1.885	0.5369596089954488
1.8860000000000001	0.5370888826587948
1.887	0.5372175939915311
1.8880000000000001	0.5373457391343118
1.889	0.5374732564267951
1.8900000000000001	0.5376002026562304
1.891	0.5377265757175006
1.8920000000000001	0.537852373497007
1.893	0.5379775938726393
1.8940000000000001	0.5381022347137503
1.895	0.5382262938811224
1.8960000000000001	0.5383497692269275
1.897	0.5384726585947162
1.8980000000000001	0.5385949598193653
1.899	0.5387166707270608
1.9000000000000001	0.5388377891352591
1.901	0.5389583128526584
1.9020000000000001	0.5390782396791682
1.903	0.5391975674058707
1.9040000000000001	0.5393162938149938
1.905	0.539434416679881
1.9060000000000001	0.5395519412580395
1.907	0.5396688640699544
1.9080000000000001	0.5397851762123863
1.909	0.5399008751514563
1.9100000000000001	0.5400159583438184
1.911	0.5401304232366108
1.9120000000000001	0.5402442672674466
1.913	0.5403574878643682
1.9140000000000001	0.5404700824458178
1.915	0.5405820484206155
1.9160000000000001	0.5406933831879213
1.917	0.5408040841372004
1.9180000000000001	0.5409141486482023
1.919	0.541023574090918
1.9200000000000002	0.5411323578255534
1.921	0.5412404972024997
1.9220000000000002	0.5413479895622979
1.923	0.5414548322356034
1.9240000000000002	0.5415609786035352
1.925	0.5416664663172986
1.9260000000000002	0.5417712979577062
1.927	0.5418754717438434
1.9280000000000002	0.5419789858861045
1.929	0.5420818385861422
1.9300000000000002	0.5421840280368178
1.931	0.5422855524221696
1.9320000000000002	0.5423864099173524
1.933	0.5424865986886025
1.9340000000000002	0.5425861168931806
1.935	0.5426849626793385
1.9360000000000002	0.5427831341862587
1.937	0.5428806295440188
1.9380000000000002	0.5429774468735313
1.939	0.5430735842865133
1.94	0.54316903988542
1.941	0.5432638204437732
1.942	0.5433579853341516
1.943	0.5434514611445391
1.944	0.5435442444545632
1.945	0.5436363318323184
1.946	0.5437277198343345
1.947	0.5438184050055578
1.948	0.5439083838793077
1.949	0.5439976529772489
1.95	0.5440862088093651
1.951	0.5441740478739236
1.952	0.5442611666574446
1.953	0.5443475616346691
1.954	0.5444332292685289
1.955	0.544518166010113
1.956	0.544602368298635
1.957	0.5446858325614031
1.958	0.5447685552137874
1.959	0.5448505366689426
1.96	0.5449317902672524
1.961	0.5450122909367674
1.962	0.5450920345816913
1.963	0.5451710170935429
1.964	0.5452492343511199
1.965	0.545326682220479
1.966	0.5454033565549101
1.967	0.5454792531949036
1.968	0.5455543679681287
1.969	0.5456286966894008
1.97	0.5457022351606563
1.971	0.5457749791709259
1.972	0.5458469244963078
1.973	0.5459180668999335
1.974	0.5459884021319457
1.975	0.5460579259294673
1.976	0.5461266340165781
1.977	0.546194516901279
1.978	0.5462614076865636
1.979	0.5463274728204569
1.98	0.5463927111188926
1.981	0.5464571213882286
1.982	0.5465207024251698
1.983	0.5465834530166858
1.984	0.5466453719399416
1.985	0.5467064579622082
1.986	0.5467667098407899
1.987	0.5468261263229409
1.988	0.5468847061457872
1.989	0.5469424480362455
1.99	0.5469993507109374
1.991	0.5470554128761131
1.992	0.5471106332275656
1.993	0.5471650104505482
1.994	0.5472185432196897
1.995	0.547271230198912
1.996	0.5473231542910691
1.997	0.5473742581847544
1.998	0.5474245088622087
1.999	0.5474739029131283
2.	0.5475224369140096
2.001	0.5475701074280869
2.002	0.5476169110052782
2.003	0.5476628441821325
2.004	0.5477079034817719
2.005	0.5477520854138308
2.006	0.5477953864744076
2.007	0.5478378031459984
2.008	0.5478793318974452
2.009	0.5479199691838725
2.01	0.5479597114466377
2.011	0.547998555113256
2.012	0.5480364965973601
2.013	0.548073532298627
2.014	0.5481096725596386
2.015	0.5481449354432024
2.016	0.5481792806206217
2.017	0.5482127035643313
2.018	0.548245199731728
2.019	0.5482767645651179
2.02	0.5483073934916717
2.021	0.5483370819233782
2.0220000000000002	0.5483658252569927
2.023	0.5483936188739928
2.024	0.5484204581405199
2.025	0.5484463384073448
2.0260000000000002	0.5484712550098045
2.027	0.5484952032677615
2.028	0.5485181784855478
2.029	0.5485401759519186
2.0300000000000002	0.5485611909399984
2.031	0.54858121870723
2.032	0.548600254495328
2.033	0.5486182347040962
2.0340000000000003	0.5486351811630181
2.035	0.5486511237375074
2.036	0.5486660591838628
2.037	0.5486799842435789
2.0380000000000003	0.5486928956432607
2.039	0.5487047900945501
2.04	0.5487156642940255
2.041	0.5487255149231314
2.0420000000000003	0.5487343386480841
2.043	0.5487421321197857
2.044	0.5487488919737397
2.045	0.5487546148299657
2.0460000000000003	0.5487592972929028
2.047	0.548762935951328
2.048	0.5487655273782639
2.049	0.5487670681308854
2.0500000000000003	0.5487675547504389
2.051	0.5487669837621327
2.052	0.5487653660676289
2.053	0.5487626862925268
2.0540000000000003	0.5487589378796978
2.055	0.548754117000275
2.056	0.5487482198087219
2.057	0.5487412424427324
2.0580000000000003	0.5487331810231589
2.059	0.5487240316538993
2.06	0.5487137904218191
2.061	0.5487024533966558
2.0620000000000003	0.5486900166309202
2.063	0.5486764761598056
2.064	0.5486618280010926
2.065	0.5486460681550528
2.0660000000000003	0.5486291926043504
2.067	0.548611197313947
2.068	0.5485920782309994
2.069	0.5485718312847674
2.07	0.5485504523865095
2.071	0.5485278733365375
2.072	0.5485041446217838
2.073	0.5484792737795534
2.074	0.5484532578813902
2.075	0.5484260939808662
2.076	0.5483977791134671
2.077	0.5483683102964444
2.078	0.5483376845286908
2.079	0.5483058987906051
2.08	0.548272950043956
2.081	0.5482388352317414
2.082	0.5482035512780637
2.083	0.5481670950879731
2.084	0.5481294635473462
2.085	0.5480906535227317
2.086	0.5480506618612193
2.087	0.5480094853902868
2.088	0.5479671209176628
2.089	0.5479235652311781
2.09	0.547878807928203
2.091	0.5478328499572647
2.092	0.5477856912865514
2.093	0.5477373287891171
2.094	0.5476877593174232
2.095	0.5476369797031857
2.096	0.5475849867572068
2.097	0.5475317772692279
2.098	0.5474773480077626
2.099	0.5474216957199385
2.1	0.5473648171313319
2.101	0.547306708945811
2.102	0.5472473678453577
2.103	0.547186790489918
2.104	0.5471249735172178
2.105	0.5470619135426026
2.106	0.5469976071588681
2.107	0.5469320509360814
2.108	0.5468652414214139
2.109	0.5467972269454682
2.11	0.5467280396272902
2.111	0.5466575856104251
2.112	0.5465858591191132
2.113	0.5465128543535609
2.114	0.5464385654898307
2.115	0.5463629866796847
2.116	0.5462861120504828
2.117	0.546207935705027
2.118	0.5461284517214371
2.119	0.5460476541530179
2.12	0.5459655370281236
2.121	0.5458820943500081
2.122	0.5457973200967075
2.123	0.5457112082208849
2.124	0.5456237526496934
2.125	0.5455349472846402
2.126	0.5454447860014328
2.1270000000000002	0.545353262649841
2.128	0.5452603710535522
2.129	0.5451661012524778
2.13	0.5450704502174488
2.1310000000000002	0.5449734123739433
2.132	0.5448749815081949
2.133	0.5447751513795954
2.134	0.5446739157205391
2.1350000000000002	0.544571268236267
2.136	0.5444672026047053
2.137	0.544361712476306
2.138	0.5442547914738914
2.1390000000000002	0.5441464331924795
2.14	0.5440366311991288
2.141	0.5439253790327664
2.142	0.5438126702040248
2.1430000000000002	0.5436984981950684
2.144	0.5435828564594228
2.145	0.5434657384218085
2.146	0.5433471374779543
2.1470000000000002	0.5432270469944357
2.148	0.5431054286800169
2.149	0.5429821537085319
2.15	0.5428573723114067
2.1510000000000002	0.5427310805903558
2.152	0.542603274616182
2.153	0.5424739504284882
2.154	0.5423431040354174
2.1550000000000002	0.5422107314133782
2.156	0.5420768285067714
2.157	0.541941391227704
2.158	0.5418044154557186
2.1590000000000003	0.5416658970375077
2.16	0.5415258317866231
2.161	0.5413842154831969
2.162	0.5412410438736404
2.1630000000000003	0.5410963126703578
2.164	0.5409500175514503
2.165	0.5408021541604127
2.166	0.5406527181058319
2.1670000000000003	0.5405017049610849
2.168	0.5403492051205477
2.169	0.5401953390579396
2.17	0.5400398764476488
2.1710000000000003	0.5398828079602903
2.172	0.5397241242322627
2.173	0.5395638158655778
2.174	0.5394018734276769
2.1750000000000003	0.5392382874512494
2.176	0.5390730484340615
2.177	0.5389061468387525
2.178	0.5387375730926743
2.1790000000000003	0.5385673175876805
2.18	0.5383953706799512
2.181	0.5382217226897955
2.182	0.5380463639014611
2.1830000000000003	0.5378692845629369
2.184	0.5376904748857498
2.185	0.5375099250447781
2.186	0.5373276251780357
2.1870000000000003	0.537143565386478
2.188	0.536957653160012
2.189	0.5367697010597087
2.19	0.5365799652399291
2.1910000000000003	0.5363884407330353
2.192	0.5361951225292102
2.193	0.5360000055760518
2.194	0.5358030847781868
2.1950000000000003	0.5356043549968619
2.196	0.5354038110495535
2.197	0.5352014477095377
2.198	0.5349972597055015
2.199	0.5347912417211091
2.2	0.5345833883945935
2.201	0.5343736943183225
2.202	0.5341621540383725
2.203	0.5339487620540945
2.204	0.5337335128176792
2.205	0.533516400733711
2.206	0.5332974201587176
2.207	0.5330765654007256
2.208	0.5328538307187966
2.209	0.532629549307103
2.21	0.5324033715688818
2.211	0.5321752866901868
2.212	0.5319452838115617
2.213	0.5317133520277351
2.214	0.531479480387335
2.215	0.5312436578925613
2.216	0.5310058734988904
2.217	0.5307661161147509
2.218	0.5305243746012126
2.219	0.5302806377716591
2.22	0.5300348943914681
2.221	0.5297871331776766
2.222	0.5295373427986497
2.223	0.5292855118737452
2.224	0.5290316289729706
2.225	0.5287756826166343
2.226	0.5285176612750052
2.227	0.5282575533679464
2.228	0.5279953472645648
2.229	0.5277308548672655
2.23	0.527464104687192
2.231	0.5271952280686937
2.232	0.5269242176555913
2.233	0.526651066032655
2.234	0.5263757657250313
2.235	0.5260983091976738
2.236	0.5258186888547454
2.237	0.5255368970390353
2.238	0.5252529260313542
2.239	0.5249667680499327
2.24	0.5246784152498007
2.241	0.5243878597221786
2.242	0.5240950934938321
2.243	0.5238001085264591
2.244	0.5235028967160267
2.245	0.5232034498921324
2.246	0.5229017598173452
2.247	0.5225978181865355
2.248	0.5222916166262037
2.249	0.5219831466938045
2.25	0.521672570935517
2.251	0.5213597163489693
2.2520000000000002	0.5210445627381688
2.253	0.520727098861378
2.254	0.5204073134088678
2.255	0.5200851950022971
2.2560000000000002	0.5197607321940915
2.257	0.5194339134668029
2.258	0.5191047272324769
2.259	0.5187731618319873
2.2600000000000002	0.518439205534399
2.261	0.5181028465362748
2.262	0.5177640729610176
2.263	0.5174228728581834
2.2640000000000002	0.5170792342027744
2.265	0.5167331448945552
2.266	0.5163845927573184
2.267	0.5160335655381793
2.2680000000000002	0.5156800509068363
2.269	0.5153240364548337
2.27	0.5149655027321596
2.271	0.5146044015338813
2.2720000000000002	0.5142407635978087
2.273	0.5138745768761804
2.274	0.513505829237713
2.275	0.5131345084667684
2.2760000000000002	0.5127606022624899
2.277	0.5123840982379496
2.278	0.5120049839192794
2.279	0.5116232467447676
2.2800000000000002	0.5112388740639793
2.281	0.5108518531368337
2.282	0.5104621711326935
2.283	0.5100698151294136
2.2840000000000003	0.5096747721124023
2.285	0.5092770289736627
2.286	0.5088765725108042
2.287	0.5084733894260631
2.2880000000000003	0.5080674663252965
2.289	0.5076587897169624
2.29	0.5072473460110932
2.291	0.5068331238684121
2.2920000000000003	0.5064161228140799
2.293	0.5059963130072805
2.294	0.5055736802107554
2.295	0.5051482100840771
2.2960000000000003	0.5047198881825447
2.297	0.5042886999560572
2.298	0.503854630747965
2.299	0.5034176657939082
2.3000000000000003	0.5029777902206443
2.301	0.5025349890448491
2.302	0.5020892471719005
2.303	0.5016405493946535
2.3040000000000003	0.5011888803921808
2.305	0.5007342247285129
2.306	0.5002765668513424
2.307	0.49981589109072005
2.3080000000000003	0.49935218165771933
2.309	0.498885422643103
2.31	0.49841559801594076
2.311	0.4979426916222164
2.3120000000000003	0.497466687183428
2.313	0.4969875481308575
2.314	0.4965052770879623
2.315	0.49601985896769996
2.3160000000000003	0.4955312772617411
2.317	0.49503951532893264
2.318	0.4945445563937183
2.319	0.49404638354455144
2.3200000000000003	0.4935449797322753
2.321	0.493040327768469
2.322	0.4925324103237878
2.323	0.49202120992625026
2.3240000000000003	0.49150670895952586
2.325	0.49098888966116766
2.326	0.4904677341208339
2.327	0.4899432242784731
2.328	0.4894153419224893
2.329	0.48888406868785733
2.33	0.4883493860542251
2.331	0.48781127534397495
2.332	0.48726971772025685
2.333	0.48672469418498776
2.334	0.48617619619147057
2.335	0.4856242026879916
2.336	0.48506868487697974
2.337	0.48450962284071764
2.338	0.48394699649073963
2.339	0.48338078556561787
2.34	0.48281096962872916
2.341	0.4822375280659888
2.342	0.48166044008353354
2.343	0.4810796847053649
2.344	0.48049524077095246
2.345	0.4799070869328018
2.346	0.4793152016539663
2.347	0.47871956320551956
2.348	0.47812014966399047
2.349	0.477516938908739
2.35	0.4769099086192911
2.351	0.4762990362726268
2.352	0.4756842991404091
2.353	0.4750656742861774
2.354	0.47444313856247644
2.355	0.4738166686079332
2.356	0.4731862192899159
2.357	0.472551787534857
2.358	0.471913350747822
2.359	0.471270884968941
2.36	0.4706243660076048
2.361	0.4699737694391665
2.362	0.46931907060158995
2.363	0.46866024459202793
2.364	0.46799726626333893
2.365	0.46733011022052556
2.366	0.46665875081711927
2.367	0.4659831621514857
2.368	0.4653033180630555
2.369	0.46461919212847974
2.37	0.46393075765772107
2.371	0.4632379876900471
2.372	0.4625408549899643
2.373	0.46183933204305205
2.374	0.4611333910517211
2.375	0.4604230039308929
2.376	0.459708142303567
2.3770000000000002	0.4589887743107324
2.378	0.4582648575247501
2.379	0.4575363796309458
2.38	0.4568033112863693
2.3810000000000002	0.4560656228312342
2.382	0.45532328428391483
2.383	0.4545762653357969
2.384	0.45382453534604134
2.3850000000000002	0.4530680633362282
2.386	0.452306817984892
2.387	0.4515407676219328
2.388	0.4507698802229005
2.3890000000000002	0.44999412340316836
2.39	0.44921346441196774
2.391	0.44842787012629515
2.392	0.44763730704467564
2.3930000000000002	0.44684174128080084
2.394	0.4460411385570184
2.395	0.4452354641976595
2.396	0.4444246831222416
2.3970000000000002	0.4436087598384951
2.398	0.4427876584352326
2.399	0.4419613488920355
2.4	0.44112981878984237
2.4010000000000002	0.4402929996225278
2.402	0.43945085327540107
2.403	0.438603341179772
2.404	0.4377504243048207
2.4050000000000002	0.43689206314925993
2.406	0.43602821773281636
2.407	0.4351588475874712
2.408	0.4342839117485254
2.4090000000000003	0.43340336874541435
2.41	0.4325171765923227
2.411	0.4316252927785294
2.412	0.43072767425855024
2.4130000000000003	0.4298242774420055
2.414	0.4289150581832407
2.415	0.427999971770684
2.416	0.42707897291592034
2.4170000000000003	0.426152015742501
2.418	0.425219053774443
2.419	0.42428003992443764
2.42	0.42333492648175325
2.4210000000000003	0.4223836650998037
2.422	0.421426207249443
2.423	0.42046250281499914
2.424	0.41949250144418504
2.4250000000000003	0.4185161521102572
2.426	0.41753340308335357
2.427	0.41654420191590813
2.428	0.4155484954276563
2.4290000000000003	0.4145462296902266
2.43	0.41353735001130476
2.431	0.41252180091833224
2.432	0.4114995261417474
2.4330000000000003	0.4104704685977589
2.434	0.40943457037059844
2.435	0.4083917726942764
2.436	0.4073420159337831
2.4370000000000003	0.4062852395657513
2.438	0.4052213821585326
2.439	0.4041503813516856
2.44	0.4030721738348367
2.4410000000000003	0.4019866953258949
2.442	0.40089388054861436
2.443	0.39979366320945203
2.444	0.39868596456558386
2.4450000000000003	0.39757071921751924
2.446	0.3964478665364113
2.447	0.39531733614708375
2.448	0.39417905652751206
2.4490000000000003	0.3930329549808482
2.45	0.3918789576065689
2.451	0.390716989270667
2.452	0.3895469735748409
2.453	0.38836883282468443
2.454	0.38718248799678
2.455	0.3859878587046967
2.456	0.3847848631638155
2.457	0.38357341815494345
2.458	0.3823534389866697
2.459	0.38112483945639114
2.46	0.3798875318099697
2.461	0.3786414266999481
2.462	0.3773864331422601
2.463	0.37612245847138037
2.464	0.3748494082938195
2.465	0.3735671864399044
2.466	0.3722756949137767
2.467	0.37097483316756724
2.468	0.3696645000528808
2.469	0.36834459181227386
2.47	0.36701500261403436
2.471	0.3656756245200355
2.472	0.3643263474230077
2.473	0.3629670589813153
2.474	0.3615976445511111
2.475	0.3602179871157612
2.476	0.35882796721233634
2.477	0.3574274628551204
2.478	0.3560163494558852
2.479	0.3545944997408174
2.48	0.3531617836639071
2.481	0.35171806831660457
2.482	0.35026321783354303
2.483	0.3487970932941346
2.484	0.34731955261976905
2.485	0.34583045046642164
2.486	0.3443296381123684
2.487	0.3428169633407626
2.488	0.3412922703167501
2.489	0.33975538697906155
2.49	0.3382060863149432
2.491	0.336644278700477
2.492	0.33506979348021243
2.493	0.3334824556551032
2.494	0.3318820857190571
2.495	0.33026849948727144
2.496	0.32864150791582475
2.497	0.3270009169120045
2.498	0.32534652713472645
2.499	0.323678133784425
2.5	0.3219955263817211
2.501	0.32029848853408355
2.5020000000000002	0.3185867976897166
2.503	0.3168602248777446
2.504	0.3151185344337756
2.505	0.3133614837097884
2.5060000000000002	0.3115888227672286
2.507	0.30980029405210113
2.508	0.3079956320507092
2.509	0.30617456292461953
2.5100000000000002	0.30433680412326897
2.511	0.3024820639724927
2.512	0.30061005480136116
2.513	0.2987205604797438
2.5140000000000002	0.29681314766302386
2.515	0.29488748216209015
2.516	0.2929432182063746
2.517	0.2909799978423783
2.5180000000000002	0.2889974502904781
2.519	0.2869951912564483
2.52	0.28497282219358766
2.521	0.2829299295111104
2.5220000000000002	0.28086608372380045
2.523	0.2787808385374978
2.524	0.27667372986429045
2.525	0.2745442747606908
2.5260000000000002	0.27239197028112194
2.527	0.27021629223830884
2.528	0.26801669386100424
2.529	0.2657926043383853
2.5300000000000002	0.2635434272390604
2.531	0.26126853879108125
2.532	0.25896728600758995
2.533	0.2566389846406359
2.5340000000000003	0.2542829169433054
2.535	0.2518983292175534
2.536	0.24948438654119295
2.537	0.24704029243491188
2.5380000000000003	0.24456517504051137
2.539	0.2420581075727086
2.54	0.2395181107455283
2.541	0.23694414833097383
2.5420000000000003	0.23433512221390757
2.543	0.23168986687087303
2.544	0.22900714318791043
2.545	0.226285631517149
2.5460000000000003	0.22352392385340725
2.547	0.2207205149893488
2.548	0.21787379247995592
2.549	0.2149820252127667
2.5500000000000003	0.21204335033763946
2.551	0.20905575825648973
2.552	0.20601707530627614
2.553	0.20292494368330596
2.5540000000000003	0.19977679804793877
2.555	0.19656983810820375
2.556	0.1933009962979373
2.557	0.18996689942455816
2.5580000000000003	0.1865638228422531
2.559	0.18308764300302213
2.56	0.17953375786502904
2.561	0.1758969953716501
2.5620000000000003	0.17217153763076073
2.563	0.16835078267098322
2.564	0.1644271837598353
2.565	0.16039204326100232
2.5660000000000003	0.15623524415993664
2.567	0.15194489442395576
2.568	0.147506846710847
2.569	0.14290403519586797
2.5700000000000003	0.13811553602305549
2.571	0.1331151953671777
2.572	0.12786955262354735
2.573	0.12233455600765518
2.5740000000000003	0.11645007847381499
2.575	0.11013010249175997
2.576	0.10324345574395444
2.577	0.09557077197403335
2.5780000000000003	0.08668720510416143
2.579	0.075503761017058
2.58	0.05067996285584439
2.581	0.837199133416191
2.582	0.8580993212634718
2.583	0.8744693154625289
2.584	0.8884943267011574
2.585	0.9010209039732471
2.586	0.9124832592435831
2.587	0.9231393691015121
2.588	0.9331573421151566
2.589	0.9426539625344232
2.59	0.9517142716471046
2.591	0.9604024773566565
2.592	0.9687684695041121
2.593	0.9768519281835295
2.594	0.9846850301816563
2.595	0.9922942973464837
2.596	0.9997018976829172
2.597	1.0069265850922002
2.598	1.0139843933409132
2.599	1.0208891585362165
2.6	1.027652919227397
2.601	1.0342862274443878
2.602	1.0407983937701006
2.603	1.0471976827815963
2.604	1.0534914706192424
2.605	1.0596863732857058
2.606	1.0657883520585554
2.607	1.0718028583326753
2.608	1.0777347442810863
2.609	1.0835884652182306
2.61	1.089368105163061
2.611	1.0950774108670909
2.612	1.1007198295856315
2.613	1.1062985415768287
2.614	1.1118164882009847
2.615	1.1172763963271388
2.616	1.1226807996233044
2.617	1.1280320572034197
2.618	1.1333323700214086
2.619	1.1385837953364346
2.62	1.1437882595196707
2.621	1.1489475694293119
2.622	1.1540634225447317
2.623	1.1591374160213697
2.624	1.1641710548036124
2.625	1.1691657589127613
2.626	1.174122870010376
2.6270000000000002	1.1790436573231606
2.628	1.1839293230036938
2.629	1.1887810069913776
2.63	1.193599791429334
2.6310000000000002	1.1983866066477098
2.632	1.2031424926348784
2.633	1.2078684184320587
2.634	1.2125652732902998
2.6350000000000002	1.217233905612742
2.636	1.2218751255401745
2.637	1.2264897073298098
2.638	1.2310783915472079
2.6390000000000002	1.2356418870889043
2.64	1.2401808730515327
2.641	1.244696000461403
2.642	1.249187893877096
2.6430000000000002	1.2536571528762497
2.644	1.2581043534366456
2.645	1.2625300492206206
2.646	1.2669347727709643
2.6470000000000002	1.271319036625618
2.648	1.2756833343578398
2.649	1.2800281415478587
2.65	1.2843539166914013
2.6510000000000002	1.2886611020500849
2.652	1.2929501244481227
2.653	1.2972213960194685
2.654	1.3014753149090819
2.6550000000000002	1.305712407697526
2.656	1.3099331268145011
2.657	1.3141376077043683
2.658	1.3183261950193101
2.6590000000000003	1.322499222302802
2.66	1.3266570124780597
2.661	1.3307998783091497
2.662	1.3349281228365832
2.6630000000000003	1.3390420397890956
2.664	1.3431419139731984
2.665	1.3472280216419676
2.666	1.3513006308443536
2.6670000000000003	1.3553600017563163
2.668	1.3594063869948851
2.669	1.363440031916247
2.67	1.3674611748987986
2.6710000000000003	1.3714700476121133
2.672	1.3754668752726675
2.673	1.3794518768871018
2.674	1.383425265483764
2.6750000000000003	1.3873872483332055
2.676	1.391338027158276
2.677	1.3952777983344165
2.678	1.399206753080696
2.6790000000000003	1.4031250776420963
2.68	1.4070324443083297
2.681	1.4109294360472693
2.682	1.4148163353905974
2.6830000000000003	1.4186933165560398
2.684	1.4225605496515974
2.685	1.4264182008141983
2.686	1.430266432342433
2.6870000000000003	1.434105402823655
2.688	1.43793526725577
2.689	1.4417561771639755
2.69	1.4455682807126649
2.6910000000000003	1.449371722812811
2.692	1.453166645224975
2.693	1.4569531866582077
2.694	1.460731482865034
2.6950000000000003	1.464501666732675
2.696	1.468263868370738
2.697	1.4720182151955006
2.698	1.4757648320109764
2.6990000000000003	1.479503841086882
2.7	1.4832353622336858
2.701	1.4869595128748372
2.702	1.4906764081163282
2.7030000000000003	1.4943861608136888
2.704	1.49808890931696
2.705	1.5017853996729138
2.706	1.5054750702288489
2.7070000000000003	1.50915801865803
2.708	1.5128343406158957
2.709	1.5165041297941733
2.71	1.520167477973113
2.711	1.523824475071909
2.712	1.5274752091974273
2.713	1.5311197666912364
2.714	1.5347582321750903
2.715	1.5383906885948666
2.716	1.542017217263055
2.717	1.5456378978998466
2.718	1.5492528086728776
2.719	1.5528620262356678
2.72	1.5564656257648553
2.721	1.5600636809961972
2.722	1.5636562642594514
2.723	1.567243446512153
2.724	1.570825297372323
2.725	1.5744018851501715
2.726	1.5779732768788173
2.727	1.581539538344048
2.728	1.585100734113205
2.729	1.588656915259662
2.73	1.5922075527779385
2.731	1.5957533139523528
2.732	1.599294264674505
2.733	1.6028304698032976
2.734	1.6063619931888933
2.735	1.6098888976959171
2.736	1.613411245226033
2.737	1.6169290967398362
2.738	1.6204425122781627
2.739	1.6239515509827414
2.74	1.6274562711163092
2.741	1.630956730082131
2.742	1.6344529844430087
2.743	1.6379450899397199
2.744	1.6414331015089922
2.745	1.6449170733009584
2.746	1.6483970586961583
2.747	1.6518731103220496
2.748	1.6553452800691204
2.749	1.6588136191065268
2.75	1.6622781778973446
2.751	1.6657390062134123
2.7520000000000002	1.6691961531497752
2.753	1.6726496671387723
2.754	1.67609959596373
2.755	1.6795462488251764
2.7560000000000002	1.6829894875892613
2.757	1.6864292768199391
2.758	1.6898656586023015
2.759	1.6932986744089085
2.7600000000000002	1.696728365111599
2.761	1.7001547709929867
2.762	1.703577931757689
2.763	1.7069978865432747
2.7640000000000002	1.710414673930934
2.765	1.7138283319558951
2.766	1.7172388981175895
2.767	1.720646409389578
2.7680000000000002	1.7240509022292296
2.769	1.7274524125871569
2.77	1.730850975916461
2.771	1.7342466271817345
2.7720000000000002	1.7376394008678497
2.773	1.7410293309885552
2.774	1.7444164510948748
2.775	1.7478007942832912
2.7760000000000002	1.7511823932037633
2.777	1.7545612800675465
2.778	1.7579374866548474
2.779	1.7613110443222917
2.7800000000000002	1.7646819583313063
2.781	1.7680502220291912
2.782	1.771415929040774
2.783	1.7747791099215267
2.7840000000000003	1.778139794844731
2.785	1.7814980136079703
2.786	1.78485379563953
2.787	1.7882071700046256
2.7880000000000003	1.7915581654115094
2.789	1.794906810217443
2.79	1.798253132434533
2.791	1.801597159735465
2.7920000000000003	1.8049389194590846
2.793	1.8082784386158954
2.794	1.8116157438933984
2.795	1.8149508616613648
2.7960000000000003	1.8182838179769691
2.797	1.8216146385898198
2.798	1.8249433489468927
2.799	1.8282699741973718
2.8000000000000003	1.831594539197357
2.801	1.8349170685145162
2.802	1.8382375864326181
2.803	1.8415561169559838
2.8040000000000003	1.844872683813838
2.805	1.8481873104645823
2.806	1.8515000955792655
2.807	1.85481104334461
2.8080000000000003	1.8581201184076632
2.809	1.8614273419773677
2.81	1.8647327350030858
2.811	1.8680363181783743
2.8120000000000003	1.8713381119447448
2.813	1.8746381364952733
2.814	1.8779364117782236
2.815	1.8812329575005295
2.8160000000000003	1.884527793131256
2.817	1.8878209379049764
2.818	1.891112410825096
2.819	1.8944022306670885
2.8200000000000003	1.8976904159817016
2.821	1.9009769850980902
2.822	1.904261956126883
2.823	1.9075453469632087
2.8240000000000003	1.9108271752896477
2.825	1.914107458579146
2.826	1.917386214097864
2.827	1.920663458907985
2.8280000000000003	1.923939209870456
2.829	1.9272134836476917
2.83	1.9304862967062333
2.831	1.933757665319332
2.8320000000000003	1.9370274276912411
2.833	1.940295664408131
2.834	1.943562507289513
2.835	1.9468279744688808
2.836	1.9500920839169715
2.837	1.9533548534440754
2.838	1.9566163007023363
2.839	1.9598764431879863
2.84	1.963135298243577
2.841	1.9663928830601165
2.842	1.9696492146792208
2.843	1.9729043099952084
2.844	1.976158185757154
2.845	1.979410858570931
2.846	1.9826623449011698
2.847	1.9859126610732432
2.848	1.9891618232751902
2.849	1.9924098475595886
2.85	1.9956567498454347
2.851	1.9989025459199656
2.852	2.00214725144045
2.853	2.0053908819359942
2.854	2.008633452809224
2.855	2.0118749793380553
2.856	2.015115476677347
2.857	2.0183549598605666
2.858	2.0215935454965765
2.859	2.0248312928165806
2.86	2.0280680683328796
2.861	2.031303884435393
2.862	2.0345387533861166
2.863	2.037772687320633
2.864	2.041005698249577
2.865	2.0442377980601223
2.866	2.0474689985174064
2.867	2.0506993112659484
2.868	2.053928747831051
2.869	2.0571573196201665
2.87	2.0603850379242394
2.871	2.063611913919063
2.872	2.0668379586665577
2.873	2.0700631831160794
2.874	2.0732875981056824
2.875	2.0765112143633737
2.876	2.079734042508337
2.8770000000000002	2.08295609305214
2.878	2.086177376399957
2.879	2.0893979028517027
2.88	2.092617682603219
2.8810000000000002	2.095836725747406
2.882	2.0990550422753422
2.883	2.1022726420774034
2.884	2.1054895349443346
2.8850000000000002	2.1087056753388906
2.886	2.1119211266259517
2.887	2.115135900499072
2.888	2.118350006852423
2.8890000000000002	2.121563455488871
2.89	2.124776256120973
2.891	2.1279884183719635
2.892	2.1311999517767166
2.8930000000000002	2.1344108657826975
2.894	2.137621169750911
2.895	2.140830872956812
2.896	2.1440399845912386
2.8970000000000002	2.1472485137613004
2.898	2.150456469491265
2.899	2.153663860723439
2.9	2.156870696319014
2.9010000000000002	2.1600769850589474
2.902	2.163282735644767
2.903	2.1664879566994233
2.904	2.1696926567680825
2.9050000000000002	2.172896844318946
2.906	2.17610052774404
2.907	2.179303715359987
2.908	2.1825064154087896
2.9090000000000003	2.185708636058578
2.91	2.18891038540437
2.911	2.1921115971470972
2.912	2.1953121625492997
2.9130000000000003	2.1985122823544336
2.914	2.201711966610635
2.915	2.204911225310131
2.916	2.208110068389943
2.9170000000000003	2.211308505732543
2.918	2.214506547166545
2.919	2.217704202467363
2.92	2.220901481357865
2.9210000000000003	2.2240983935090126
2.922	2.2272949485405107
2.923	2.230491156021424
2.924	2.2336870254707977
2.9250000000000003	2.2368825663582905
2.926	2.2400777881047516
2.927	2.243272700082829
2.928	2.2464673116175664
2.9290000000000003	2.249661631986982
2.93	2.2528556704226284
2.931	2.2560494361101804
2.932	2.259242938189984
2.9330000000000003	2.262436185757613
2.934	2.2656291878644006
2.935	2.2688219535180147
2.936	2.2720144916829415
2.9370000000000003	2.2752068112810586
2.938	2.278399168326548
2.939	2.2815917830028933
2.94	2.284784200352941
2.9410000000000003	2.2879764232869118
2.942	2.2911684546407343
2.943	2.294360297176563
2.944	2.2975519535832345
2.9450000000000003	2.300743426476742
2.946	2.3039347184006935
2.947	2.3071258318267995
2.948	2.310316769155286
2.9490000000000003	2.313507532715368
2.95	2.316698124765697
2.951	2.3198885474947724
2.952	2.3230788030213874
2.9530000000000003	2.3262688933950604
2.954	2.3294588205964395
2.955	2.332648586537734
2.956	2.3358381930631062
2.9570000000000003	2.3390276419490963
2.958	2.342216934904997
2.959	2.3454060735732756
2.96	2.348595059529935
2.9610000000000003	2.351783894284935
2.962	2.3549725792825242
2.963	2.358161115901656
2.964	2.361349505456351
2.965	2.364537566298509
2.966	2.367724589594164
2.967	2.370911475763106
2.968	2.374098234598167
2.969	2.3772848758782463
2.97	2.38047140936868
2.971	2.383657844821593
2.972	2.3868441919762478
2.973	2.3900304605593727
2.974	2.3932166602855203
2.975	2.3964028008573766
2.976	2.3995888919661073
2.977	2.4027749432916914
2.978	2.4059609645032394
2.979	2.4091469652592936
2.98	2.412332955208189
2.981	2.415518943988326
2.982	2.4187049412285053
2.983	2.421890956548223
2.984	2.4250769995579913
2.985	2.4282630798596134
2.986	2.4314492070465246
2.987	2.4346353907040257
2.988	2.437821640409639
2.989	2.4410079657333617
2.99	2.4441943762379563
2.991	2.447380881479243
2.992	2.4505674910063706
2.993	2.4537549467243656
2.994	2.4569427804421324
2.995	2.460130736788639
2.996	2.4633188173826346
2.997	2.466507023794664
2.998	2.4696953575473133
2.999	2.472883820115431
3.	2.476072412926414