0.02	0
0.021	0
0.022	0
0.023	0
0.024	0
0.025	0
0.026000000000000002	0
0.027	0
0.028	0
0.029	0
0.03	0
0.031	0
0.032	0
0.033	0
0.034	0
0.035	0
0.036000000000000004	0
0.037000000000000005	0
0.038000000000000006	0
0.039	0
0.04	0
0.041	0
0.041999999999999996	0
0.043	0
0.044	0
0.045	0
0.046	0
0.047	0
0.048	0
0.049	0
0.05	0
0.051000000000000004	0
0.052000000000000005	0
0.053000000000000005	0
0.054000000000000006	0
0.05500000000000001	0
0.05600000000000001	0
0.056999999999999995	0
0.057999999999999996	0
0.059	0
0.06	0
0.061	0
0.062	0
0.063	0
0.064	0
0.065	0
0.066	0
0.067	0
0.068	0
0.069	0
0.07	0
0.07100000000000001	0
0.07200000000000001	0.0010945404708840682
0.073	0.0011470870474940473
0.074	0.0012016905134321807
0.075	0.001258468284532532
0.076	0.0013174605711039659
0.077	0.001378800210381223
0.078	0.0014425281653339763
0.079	0.0015088341154146903
0.08	0.0015777351028116683
0.081	0.0016494497765015266
0.082	0.0017240434700495344
0.083	0.001801668958863247
0.084	0.0018825340617096562
0.085	0.001966709400839773
0.08600000000000001	0.0020544733416110114
0.08700000000000001	0.0021459337326884004
0.08800000000000001	0.002241390037230747
0.08900000000000001	0.002340951219144281
0.09000000000000001	0.002445004037145883
0.09100000000000001	0.0025536963660450023
0.09200000000000001	0.002667382340137236
0.093	0.002786483925572032
0.094	0.002911228013319003
0.095	0.003042126685869433
0.096	0.003179480286955622
0.097	0.0033240064157451336
0.098	0.00347603846129097
0.099	0.003636430630512968
0.1	0.0038056423531515073
0.101	0.003984598308963481
0.10200000000000001	0.00417432152538291
0.10300000000000001	0.004375572823741432
0.10400000000000001	0.004589824393236233
0.10500000000000001	0.004818136834173966
0.10600000000000001	0.005062301914049075
0.10700000000000001	0.005323888145599318
0.108	0.005605309630382759
0.109	0.005908704673259906
0.11	0.0062371263595074455
0.111	0.006594336616626671
0.112	0.0069840079058782825
0.113	0.007411646648908889
0.114	0.007882970532218531
0.115	0.008406119595181711
0.116	0.00898970239431725
0.117	0.009646573715305471
0.11800000000000001	0.010390906859857638
0.11900000000000001	0.011243035009180027
0.12000000000000001	0.01222799978821854
0.12100000000000001	0.013380779151672332
0.12200000000000001	0.014748932480533439
0.12300000000000001	0.01639746874324971
0.12400000000000001	0.01842345145692396
0.125	0.020965447724581344
0.126	0.024245910221046836
0.127	0.02861544848993911
0.128	0.034683872839802614
0.129	0.04358068811368387
0.13	0.05758622883545008
0.131	0.08203804175299834
0.132	0.131968382839223
0.133	0.2666424445074205
0.134	0.9477158566470216
0.135	5.779939287463125e6
0.136	183.33112349503625
0.137	0.15503643641632633
0.138	0.05784239170283996
0.139	0.02677303776179933
0.13999999999999999	0.013717771564821315
0.141	0.0073733301245849205
0.142	0.004005028436837536
0.143	0.002129514942837541
0.144	0.0010638333485922832
0.145	0.0010061647222724785
0.146	0.0010128311811466548
0.147	0.001019497640020831
0.148	0.0010261640988950072
0.149	0.0010328305577691835
0.15	0.0010394970166433598
0.151	0.001046163475517536
0.152	0.0010528299343917121
0.153	0.0010594963932658884
0.154	0.0010661628521400647
0.155	0.0010728846793692638
0.156	0.001283443746671497
0.157	0.0014979108133686822
0.158	0.0017151439524046947
0.159	0.0019341354239399932
0.16	0.0021545397918774746
0.161	0.002375665624101118
0.162	0.002597636993059552
0.163	0.0028199735469238646
0.164	0.003042890108134497
0.16499999999999998	0.003266111556019324
0.16599999999999998	0.003489796618323294
0.16699999999999998	0.003714075777770627
0.16799999999999998	0.0039388249884809495
0.16899999999999998	0.004164368457510499
0.16999999999999998	0.004390461484702551
0.17099999999999999	0.004617575279176307
0.172	0.0048454884562032586
0.173	0.005074558120136543
0.174	0.0053046149490022475
0.175	0.00553592056270731
0.176	0.005768706334188384
0.177	0.006002791134156919
0.178	0.006238562328047244
0.179	0.0064758405103151765
0.18	0.006714969928243729
0.181	0.006955801947306639
0.182	0.007198679365049429
0.183	0.00744335518497112
0.184	0.007690208030580841
0.185	0.007939347850543852
0.186	0.00819051991593452
0.187	0.008444304306192266
0.188	0.00870025379938705
0.189	0.008958847866277651
0.19	0.009219873228030705
0.191	0.009483627758822282
0.192	0.009750042960275004
0.193	0.010019139496233048
0.194	0.01029137208851811
0.195	0.010566124592698786
0.19599999999999998	0.010844230498677155
0.19699999999999998	0.011125213438591922
0.19799999999999998	0.011409453658331042
0.19899999999999998	0.011696708427609231
0.19999999999999998	0.011987484388096386
0.20099999999999998	0.012281315448930937
0.20199999999999999	0.012578673776705336
0.20299999999999999	0.012879419072769415
0.204	0.013183650969198503
0.205	0.013491672658389766
0.206	0.013803064229656346
0.207	0.014118365607185206
0.208	0.014437437921677357
0.209	0.014760261521163639
0.21	0.015087052374308055
0.211	0.015417754353958306
0.212	0.015752559086382203
0.213	0.016091288760092044
0.214	0.01643457783323686
0.215	0.016781639504677676
0.216	0.017133364986110056
0.217	0.017489236770145602
0.218	0.017849669942300285
0.219	0.018214534640739174
0.22	0.01858384363543247
0.221	0.01895794088638062
0.222	0.019336728455454994
0.223	0.019720255714119592
0.224	0.020108416014399843
0.225	0.020501848272765442
0.226	0.020900053256294147
0.227	0.02130348642868702
0.228	0.021711530817955463
0.22899999999999998	0.022125380380201173
0.22999999999999998	0.02254414084278516
0.23099999999999998	0.022968114254187596
0.23199999999999998	0.02339773490522998
0.23299999999999998	0.023832840715620234
0.23399999999999999	0.024273448424548937
0.235	0.024719609124561583
0.236	0.025171674358553893
0.237	0.02562929946319198
0.238	0.02609310095177043
0.239	0.026562478635644936
0.24	0.027038019653440836
0.241	0.02751980622014872
0.242	0.02800769278687451
0.243	0.028502114954821856
0.244	0.02900251000424338
0.245	0.029509710605439245
0.246	0.030023146103206246
0.247	0.030543483634166195
0.248	0.031070175317880866
0.249	0.031603796449136023
0.25	0.032144705789091656
0.251	0.03269228892496084
0.252	0.03324726170958791
0.253	0.03380902917186978
0.254	0.03437825998309543
0.255	0.034954679758978695
0.256	0.03553931674556824
0.257	0.036130525902452144
0.258	0.036730066685695006
0.259	0.03733732010747766
0.26	0.03795234237877252
0.261	0.03857555997509787
0.262	0.03920692238329882
0.263	0.03984666936563126
0.264	0.04049441276348485
0.265	0.04115090918693926
0.266	0.041815548341565756
0.267	0.04248910752984202
0.268	0.0431720668256288
0.269	0.04386335993638737
0.27	0.0445651550199992
0.271	0.04527446736168874
0.272	0.04599306415821043
0.273	0.046720772165088686
0.274	0.04745872941535685
0.275	0.0482058666636569
0.276	0.04896767980708054
0.277	0.049734741960675746
0.278	0.05051207775375383
0.279	0.051299866689570706
0.28	0.05209778584225364
0.281	0.05290666890985212
0.28200000000000003	0.053725845467973606
0.28300000000000003	0.05456136464692625
0.28400000000000003	0.0554028262304291
0.28500000000000003	0.0562553683578205
0.28600000000000003	0.057119585172363464
0.28700000000000003	0.05799500925028803
0.28800000000000003	0.058882515577770786
0.28900000000000003	0.05978205247415592
0.29000000000000004	0.060698649396224276
0.29100000000000004	0.06162214517922418
0.29200000000000004	0.06255819085918025
0.29300000000000004	0.06350729455247084
0.29400000000000004	0.06446859101705536
0.29500000000000004	0.06544337606487009
0.29600000000000004	0.0664306570388395
0.29700000000000004	0.06743764010580099
0.29800000000000004	0.06845440487343371
0.29900000000000004	0.06948293678693661
0.30000000000000004	0.07052692289441144
0.30100000000000005	0.07158041844713307
0.30200000000000005	0.07264974478262903
0.30300000000000005	0.07373504565448288
0.30400000000000005	0.07484315048335602
0.30500000000000005	0.07596125297468563
0.30600000000000005	0.07709590386414501
0.30700000000000005	0.0782408968500361
0.30800000000000005	0.07940301131632661
0.309	0.08058228201590036
0.31	0.08177906679151449
0.311	0.08299387030411676
0.312	0.08422649873386653
0.313	0.0854701105313572
0.314	0.08673208600909019
0.315	0.08802026326859837
0.316	0.08931997263893547
0.317	0.09063110074070548
0.318	0.0919773369222094
0.319	0.0933354388753044
0.32	0.09470542004424987
0.321	0.09610382342210361
0.322	0.09751464579759687
0.323	0.0989459836341417
0.324	0.10040693305819508
0.325	0.10188976040075186
0.326	0.10338529700830977
0.327	0.10490292556232038
0.328	0.10644283615067822
0.329	0.10800529478746475
0.33	0.10959061614274263
0.331	0.1112092080108528
0.332	0.1128415374568689
0.333	0.11449782419841824
0.334	0.11617865284184237
0.335	0.1178840091474392
0.336	0.11961433202326503
0.337	0.12137029188875782
0.338	0.1231626197813982
0.339	0.12497034164743001
0.34	0.12681577563180885
0.341	0.12867726195531698
0.342	0.13056599758945076
0.343	0.13248273009775902
0.34400000000000003	0.1344388602152232
0.34500000000000003	0.1364241435470745
0.34600000000000003	0.13843855166339372
0.34700000000000003	0.14048268529628477
0.34800000000000003	0.14254478843862559
0.34900000000000003	0.14464948768613378
0.35000000000000003	0.14678537509418674
0.35100000000000003	0.1489527020577509
0.35200000000000004	0.15117828044259227
0.35300000000000004	0.153410472512956
0.35400000000000004	0.15568893633077768
0.35500000000000004	0.1579875947394731
0.35600000000000004	0.1603341826479938
0.35700000000000004	0.1627154197685236
0.35800000000000004	0.16514595709370727
0.35900000000000004	0.16761374840599555
0.36000000000000004	0.1701176659821666
0.36100000000000004	0.17265875935515074
0.36200000000000004	0.17523816236559425
0.36300000000000004	0.1778558865471304
0.36400000000000005	0.18052820833271466
0.36500000000000005	0.18322486590650938
0.36600000000000005	0.18599468205732445
0.36700000000000005	0.18878905055169765
0.36800000000000005	0.19164180782944937
0.36900000000000005	0.1945379408556352
0.37000000000000005	0.19747760588365357
0.37100000000000005	0.20046156482505462
0.372	0.20350845925983624
0.373	0.206619938546228
0.374	0.20976003205079355
0.375	0.21296624687280863
0.376	0.216221318295778
0.377	0.21952602771916938
0.378	0.2229005296035705
0.379	0.22632676222004308
0.38	0.22982653214293308
0.381	0.2333792184604349
0.382	0.2369865210044938
0.383	0.24067020043096887
0.384	0.24441104307970846
0.385	0.24821036726510418
0.386	0.2520899972305221
0.387	0.2560539680021478
0.388	0.26007886575016687
0.389	0.26416615667018756
0.39	0.26834088570184306
0.391	0.2725820158964993
0.392	0.27691316730751214
0.393	0.28131335830308607
0.394	0.28583505818059823
0.395	0.2904017076589514
0.396	0.29506644769786633
0.397	0.2998320539664292
0.398	0.3046740482637585
0.399	0.3095946615894111
0.4	0.3146482425555405
0.401	0.31981517449881813
0.402	0.32503565721340033
0.403	0.3303692535580371
0.404	0.33581940205624644
0.405	0.34138837486268075
0.406	0.3470494786674298
0.40700000000000003	0.35283468124560546
0.40800000000000003	0.3587824993208775
0.40900000000000003	0.36479437592029984
0.41000000000000003	0.3709387937344886
0.41100000000000003	0.3772185904420833
0.41200000000000003	0.3836374354722818
0.41300000000000003	0.3901987095611431
0.41400000000000003	0.3969126822103183
0.41500000000000004	0.4037357444662492
0.41600000000000004	0.41074562863359715
0.41700000000000004	0.4178777850252757
0.41800000000000004	0.4251694580821096
0.41900000000000004	0.4326249340592399
0.42000000000000004	0.4402124189534293
0.42100000000000004	0.4480551568338163
0.42200000000000004	0.45602900631074433
0.42300000000000004	0.46418471655227794
0.42400000000000004	0.47252641357324604
0.42500000000000004	0.4810580060032824
0.42600000000000005	0.48978652896300123
0.42700000000000005	0.49871578554152246
0.42800000000000005	0.5079054561979142
0.42900000000000005	0.5172978723807433
0.43000000000000005	0.5268626277676707
0.43100000000000005	0.5366961318666372
0.43200000000000005	0.5467600215553791
0.43300000000000005	0.5571074471585871
0.43400000000000005	0.5676502567598389
0.43500000000000005	0.5785573671328877
0.43600000000000005	0.589707668311422
0.437	0.6010721340624067
0.438	0.6128123674033009
0.439	0.6247823403306422
0.44	0.6370954813319885
0.441	0.6497607233129449
0.442	0.6628131614489648
0.443	0.6761636728894661
0.444	0.6898405874088748
0.445	0.7039139253385922
0.446	0.7183995509736435
0.447	0.733304590752372
0.448	0.7485844041169895
0.449	0.7644098600024862
0.45	0.7806017989920184
0.451	0.7972754880400437
0.452	0.8144439374637856
0.453	0.8321223967338396
0.454	0.850329421531844
0.455	0.8691606210721626
0.456	0.8885984315714109
0.457	0.9085820833186895
0.458	0.9291783233958023
0.459	0.9503972483321198
0.46	0.9723541915134297
0.461	0.9949878161663019
0.462	1.018406741703018
0.463	1.0427892969642532
0.464	1.0677913441507347
0.465	1.0936674550440717
0.466	1.120455867539595
0.467	1.1481046114505242
0.468	1.1768268963009563
0.46900000000000003	1.2065834914737141
0.47000000000000003	1.2375966448503715
0.47100000000000003	1.2695298348363113
0.47200000000000003	1.3027397795645774
0.47300000000000003	1.3371589484314685
0.47400000000000003	1.372954388103496
0.47500000000000003	1.4101862227713788
0.47600000000000003	1.4488037205282265
0.47700000000000004	1.489225322764641
0.47800000000000004	1.5311763212680236
0.47900000000000004	1.5747163872726193
0.48000000000000004	1.620174280187664
0.48100000000000004	1.6675243415089533
0.48200000000000004	1.7169853646447848
0.48300000000000004	1.7686646841940468
0.48400000000000004	1.8228515318462761
0.48500000000000004	1.87932366477064
0.48600000000000004	1.9383631575569615
0.48700000000000004	2.0002813858587887
0.48800000000000004	2.065065362769469
0.48900000000000005	2.1330274962892903
0.49000000000000005	2.204363693054177
0.49100000000000005	2.2796980479215527
0.49200000000000005	2.3585428500125585
0.49300000000000005	2.4415778466877063
0.49400000000000005	2.529033295137143
0.49500000000000005	2.621195583410282
0.49600000000000005	2.7185614085308325
0.49700000000000005	2.8221038716208855
0.49800000000000005	2.9309340518495692
0.49900000000000005	3.0462881576264977
0.5	3.168621634541764
0.501	3.2983849478745957
0.502	3.4366935585177596
0.503	3.583534790741168
0.504	3.741451733221885
0.505	3.9089887927271723
0.506	4.088188447139159
0.507	4.2799764576979715
0.508	4.485737333881877
0.509	4.707418964446794
0.51	4.945902451455043
0.511	5.205205010195543
0.512	5.48391007612973
0.513	5.785846974801386
0.514	6.1138522892772516
0.515	6.4714185858704205
0.516	6.862170200842143
0.517	7.290190287317035
0.518	7.763036754062924
0.519	8.281751265179272
0.52	8.85552051512065
0.521	9.491618793994792
0.522	10.201091501971684
0.523	10.99561287241168
0.524	11.889280711517833
0.525	12.90471527263103
0.526	14.052900546477881
0.527	15.364368949091132
0.528	16.87415481497241
0.529	18.622785428149392
0.53	20.666799417001837
0.531	23.073819737310625
0.532	25.95669738576364
0.533	29.4062528907647
0.534	33.609678458309
0.535	38.803400134329195
0.536	45.33266306746889
0.537	53.69218711916282
0.538	64.6589879785904
0.539	79.53728115579233
0.54	100.16105162358315
0.541	130.1618253688611
0.542	176.21737450601336
0.543	252.38992662922385
0.544	392.1786626227598
0.545	693.1245912051322
0.546	1564.972710120196
0.547	43901.29032584652
0.548	6.675877647818874e6
0.549	6106.641055481099
0.55	1521.2575975342197
0.551	671.9522170126288
0.552	375.7052158656351
0.553	238.29128541427568
0.554	164.49624398337778
0.555	120.12621076041168
0.556	91.38700568147243
0.557	71.74501011388367
0.558	57.7375239312417
0.559	47.39457743087184
0.56	39.51050414273932
0.561	33.43043880051967
0.562	28.622413547222852
0.5630000000000001	24.75135088238759
0.5640000000000001	21.595262091984083
0.5650000000000001	18.984142229480707
0.5660000000000001	16.804686100115134
0.5670000000000001	14.954068255138566
0.5680000000000001	13.389139100927391
0.5690000000000001	12.045491882009811
0.5700000000000001	10.885741310940604
0.5710000000000001	9.876249184305342
0.5720000000000001	8.992488125595962
0.5730000000000001	8.21586835024673
0.5740000000000001	7.5246582622863665
0.5750000000000001	6.914675204856199
0.5760000000000001	6.3704824391706865
0.5770000000000001	5.883062096976386
0.5780000000000001	5.444999325268957
0.5790000000000001	5.049900822802476
0.5800000000000001	4.690597853120199
0.5810000000000001	4.3661920921249635
0.5820000000000001	4.0711704360626735
0.5830000000000001	3.801902356051066
0.5840000000000001	3.5555526833152253
0.5850000000000001	3.3294845679212752
0.5860000000000001	3.1220066595977185
0.5870000000000001	2.929590677131312
0.5880000000000001	2.753154721315088
0.5890000000000001	2.5901817678660426
0.5900000000000001	2.439143320080654
0.5910000000000001	2.2990771360682607
0.5920000000000001	2.1687212324070484
0.5930000000000001	2.0474865641923405
0.5940000000000001	1.9338637648610835
0.5950000000000001	1.8285701601120277
0.5960000000000001	1.7300302389043678
0.597	1.6377870871495428
0.598	1.5513796909210047
0.599	1.4702931631640428
0.6	1.3941475740301208
0.601	1.3220964456921185
0.602	1.2548081125268398
0.603	1.1913430120131883
0.604	1.1315750686562496
0.605	1.0750771725463146
0.606	1.0217539171009846
0.607	0.9713181658620358
0.608	0.9233348392147025
0.609	0.8782084892062796
0.61	0.8353556939239299
0.611	0.7947997895198733
0.612	0.7562772709018776
0.613	0.7197464366507008
0.614	0.6849775020210142
0.615	0.6517519943294913
0.616	0.6203752377061684
0.617	0.5905059969467383
0.618	0.562029887716727
0.619	0.5349246689688981
0.62	0.5090863393090028
0.621	0.48445291950499186
0.622	0.4608353804030297
0.623	0.4384252388690299
0.624	0.4170320073288686
0.625	0.39658267113541185
0.626	0.37707124653420865
0.627	0.35843010655921465
0.628	0.3405927601714597
0.629	0.323433492098707
0.63	0.30715471837202474
0.631	0.2915700171820254
0.632	0.27665924828624217
0.633	0.26239852589610485
0.634	0.2487470084879668
0.635	0.23568434002335276
0.636	0.2231016555942215
0.637	0.2111337923994754
0.638	0.19968764754322796
0.639	0.18871861833728343
0.64	0.17822995481515377
0.641	0.16818167150507005
0.642	0.15857773764765346
0.643	0.14932866027083017
0.644	0.14052540217361076
0.645	0.13210548455559343
0.646	0.12405318893663496
0.647	0.11636260278808876
0.648	0.10900066942351562
0.649	0.10197376738575717
0.65	0.09522267960473015
0.651	0.08881074426046669
0.652	0.08269625549839413
0.653	0.07686560110875164
0.654	0.07131209457485056
0.655	0.06601791369891416
0.656	0.06098281707888384
0.657	0.05616781845482681
0.658	0.051622920718163885
0.659	0.04731071191980831
0.66	0.043225201886272234
0.661	0.03935906147968315
0.662	0.035706883149998155
0.663	0.0322419501090527
0.664	0.02899975805935389
0.665	0.025954231913907305
0.666	0.02309991176475258
0.667	0.02043207655135818
0.668	0.017946266618247386
0.669	0.015638462131197964
0.67	0.01349154524686557
0.671	0.011527392380546621
0.672	0.009729564973840789
0.673	0.008093844883091632
0.674	0.006617562107882474
0.675	0.005297474576999301
0.676	0.004130391704489094
0.677	0.003108079831977661
0.678	0.002239933842982909
0.679	0.0015169613525607272
0.68	0.0010034950519661695
0.681	0.0010298801759007078
0.682	0.0010562652998352458
0.683	0.0010826504237697841
0.684	0.0011090355477043222
0.685	0.0011354206716388602
0.686	0.0011618057955733985
0.687	0.0011881909195079366
0.6880000000000001	0.0012145760434424749
0.6890000000000001	0.001839582339043921
0.6900000000000001	0.0025914414628866313
0.6910000000000001	0.0034748087692787815
0.6920000000000001	0.00447827419231933
0.6930000000000001	0.005605537538758247
0.6940000000000001	0.006856360254074649
0.6950000000000001	0.008230100524335657
0.6960000000000001	0.009725902387732374
0.6970000000000001	0.011343428747563715
0.6980000000000001	0.013093509642717398
0.6990000000000001	0.014954272835812932
0.7000000000000001	0.016935889792920492
0.7010000000000001	0.019038839541314787
0.7020000000000001	0.02126193351047875
0.7030000000000001	0.023606222520424693
0.7040000000000001	0.02607162189952707
0.7050000000000001	0.028673430443077103
0.7060000000000001	0.031381990696808734
0.7070000000000001	0.0342121784176183
0.7080000000000001	0.03716422182261322
0.7090000000000001	0.04023895180014108
0.7100000000000001	0.043437191508146226
0.7110000000000001	0.0467586627228778
0.7120000000000001	0.05022593792676891
0.7130000000000001	0.05379898195032699
0.7140000000000001	0.05749667597586244
0.7150000000000001	0.06132240752249029
0.7160000000000001	0.06527582409040315
0.7170000000000001	0.06935729732946981
0.7180000000000001	0.07357046190937802
0.7190000000000001	0.07794041313588256
0.7200000000000001	0.08242102879280916
0.7210000000000001	0.0870332023993969
0.7220000000000001	0.09177921592885646
0.7230000000000001	0.09665927761082758
0.724	0.10168723840578862
0.725	0.1068491456647236
0.726	0.11218040387723464
0.727	0.11763343851092502
0.728	0.12322565223825312
0.729	0.12896231988930784
0.73	0.13486296985969373
0.731	0.14090248515800152
0.732	0.1470981040689917
0.733	0.15348773883662675
0.734	0.1600058795028422
0.735	0.16667125906565092
0.736	0.17351211694866167
0.737	0.18051094272666812
0.738	0.18767932770400333
0.739	0.19503288936970645
0.74	0.2025831957467968
0.741	0.2102866810688525
0.742	0.21815344593738
0.743	0.22621946055323655
0.744	0.23446180313292544
0.745	0.24290280651430204
0.746	0.25159310873805957
0.747	0.2604263061246538
0.748	0.26945650071488036
0.749	0.2786814273322185
0.75	0.2881475577625791
0.751	0.2978088484569005
0.752	0.3076896220924231
0.753	0.3178511852018157
0.754	0.3281718811296709
0.755	0.3387421548754387
0.756	0.3495326778255591
0.757	0.36057619624944004
0.758	0.3718409003249107
0.759	0.3833933096357822
0.76	0.39524057480024943
0.761	0.4073102640080135
0.762	0.4196420043367219
0.763	0.4322353033419418
0.764	0.4451326336588532
0.765	0.45829612998247443
0.766	0.4717701267320226
0.767	0.48559884249621604
0.768	0.499702893056807
0.769	0.514087080924008
0.77	0.5287932560221983
0.771	0.5438280635382271
0.772	0.5591960150349474
0.773	0.5749500382670458
0.774	0.5910921987545465
0.775	0.6075364554691826
0.776	0.6243857141696587
0.777	0.6415349132153231
0.778	0.6591598509830184
0.779	0.6771514276737061
0.78	0.6955152479828152
0.781	0.7144927324146442
0.782	0.7337439350472268
0.783	0.7534487534328485
0.784	0.7736187805487924
0.785	0.7941937658579321
0.786	0.8153123037103348
0.787	0.8369276894771215
0.788	0.8591733805472153
0.789	0.8817943236996572
0.79	0.9049385707731903
0.791	0.9286074432732109
0.792	0.9528970086263533
0.793	0.9777405151722017
0.794	1.003145699610423
0.795	1.029365324824013
0.796	1.0561108525072291
0.797	1.0833686121834532
0.798	1.1114184433422511
0.799	1.1401052003199583
0.8	1.1695271226094515
0.801	1.1996070666374217
0.802	1.2306517917150788
0.803	1.2623027415350296
0.804	1.294656940776005
0.805	1.3279556248089706
0.806	1.3619979866471723
0.807	1.3970247904189719
0.808	1.432839497033072
0.809	1.4697919987430503
0.81	1.507587896690529
0.811	1.5462342518002457
0.812	1.5860018831897178
0.8130000000000001	1.6267931439684558
0.8140000000000001	1.6686374703363036
0.8150000000000001	1.7115558954981889
0.8160000000000001	1.755841499519681
0.8170000000000001	1.8011591097798765
0.8180000000000001	1.8478020782037359
0.8190000000000001	1.8954815224191628
0.8200000000000001	1.9445702318369045
0.8210000000000001	1.9950947139537154
0.8220000000000001	2.0469294098220066
0.8230000000000001	2.100621220147423
0.8240000000000001	2.1553815921927426
0.8250000000000001	2.211756243197205
0.8260000000000001	2.2698054784152863
0.8270000000000001	2.329382534385608
0.8280000000000001	2.3907109477400392
0.8290000000000001	2.454263499604705
0.8300000000000001	2.5193194730641215
0.8310000000000001	2.5860881540983547
0.8320000000000001	2.6551042797506934
0.8330000000000001	2.7261758089468957
0.8340000000000001	2.7991550211792333
0.8350000000000001	2.8745764219701497
0.8360000000000001	2.952756982505799
0.8370000000000001	3.0328295153555005
0.8380000000000001	3.1153486981098006
0.8390000000000001	3.2006534541607903
0.8400000000000001	3.288564398748395
0.8410000000000001	3.379198288469987
0.8420000000000001	3.4726188526593007
0.8430000000000001	3.5698098592372696
0.8440000000000001	3.669753675442601
0.8450000000000001	3.772814709416017
0.8460000000000001	3.879420064514478
0.8470000000000001	3.989380754980715
0.8480000000000001	4.1031796238030775
0.8490000000000001	4.220905483456644
0.8500000000000001	4.343519155935186
0.8510000000000001	4.46970323519605
0.8520000000000001	4.600298668675104
0.853	4.735135400487275
0.854	4.87517975776239
0.855	5.020203447788183
0.856	5.170427785599481
0.857	5.327477020093797
0.858	5.48922846560678
0.859	5.656854175266052
0.86	5.831107231729687
0.861	6.0122447300218775
0.862	6.200092638784641
0.863	6.395420238083649
0.864	6.599832103969078
0.865	6.811261386944593
0.866	7.031233384447275
0.867	7.2601888431833315
0.868	7.498481436255507
0.869	7.747279009760676
0.87	8.006336726828534
0.871	8.278562421169065
0.872	8.561253224382538
0.873	8.855836472906143
0.874	9.16370356049966
0.875	9.485466937506802
0.876	9.822762184742897
0.877	10.174624392119302
0.878	10.545844779584819
0.879	10.932953295114977
0.88	11.339049071166988
0.881	11.765281198679025
0.882	12.211646155233
0.883	12.681518068017205
0.884	13.176116982982656
0.885	13.699056841272172
0.886	14.24676705177685
0.887	14.823888676243788
0.888	15.433646651882254
0.889	16.076655123751724
0.89	16.75649090561857
0.891	17.47545184449732
0.892	18.240825066454914
0.893	19.04786663932114
0.894	19.904105398028992
0.895	20.814814018618293
0.896	21.782024238481583
0.897	22.811761039735217
0.898	23.908369731744042
0.899	25.08634010927859
0.9	26.33951413662928
0.901	27.678741624149865
0.902	29.113455935527465
0.903	30.656358111073047
0.904	32.31152640411123
0.905	34.107663371007064
0.906	36.03184448930896
0.907	38.11336190826188
0.908	40.36297217120227
0.909	42.80761557092069
0.91	45.462059729352895
0.911	48.35544896973281
0.912	51.53614366527059
0.913	54.99835777503134
0.914	58.79871198124242
0.915	62.98444612510958
0.916	67.60645089883285
0.917	72.72862176058821
0.918	78.41941920080392
0.919	84.8121178997463
0.92	91.93258779703578
0.921	99.94054217131531
0.922	108.99728523654346
0.923	119.28134712067283
0.924	131.0258783377985
0.925	144.51734044762262
0.926	160.22042810126277
0.927	178.41271387636522
0.928	199.77540047212014
0.929	225.04994427242718
0.93	255.3017409735513
0.931	291.8745448370967
0.932	336.68744552166
0.933	392.71557548068114
0.934	463.08662718556906
0.935	553.7096436473207
0.936	673.0785347047911
0.937	834.8125380216521
0.9380000000000001	1061.3268186410667
0.9390000000000001	1392.5288199530082
0.9400000000000001	1907.934104676136
0.9410000000000001	2759.692752194234
0.9420000000000001	4330.703824804928
0.9430000000000001	7727.7815783200185
0.9440000000000001	17431.451315619655
0.9450000000000001	69498.82639463464
0.9460000000000001	7.331550575000575e6
0.9470000000000001	70842.20433005021
0.9480000000000001	18142.59630707577
0.9490000000000001	8207.267677655545
0.9500000000000001	4693.3618831544645
0.9510000000000001	3052.469629016727
0.9520000000000001	2153.786170235095
0.9530000000000001	1607.0388618908023
0.9540000000000001	1247.806623006538
0.9550000000000001	1001.2333532290661
0.9560000000000001	823.4317333998209
0.9570000000000001	690.914066211382
0.9580000000000001	589.3935132073918
0.9590000000000001	509.72806258542585
0.9600000000000001	446.07827804182983
0.9610000000000001	394.07624657182765
0.9620000000000001	351.491254632966
0.9630000000000001	315.9204522469311
0.9640000000000001	285.91939970179914
0.9650000000000001	260.3323998732687
0.9660000000000001	238.33533144875858
0.9670000000000001	219.27689288457972
0.9680000000000001	202.55876078679745
0.9690000000000001	187.95753470136773
0.9700000000000001	175.06348678913238
0.9710000000000001	163.59563348847863
0.9720000000000001	153.36171059839594
0.9730000000000001	144.1990572982923
0.9740000000000001	135.92839414033352
0.9750000000000001	128.41793155476986
0.9760000000000001	121.63400763614058
0.9770000000000001	115.46204340046489
0.9780000000000001	109.82863200329177
0.9790000000000001	104.66614292428498
0.98	99.91597472871382
0.981	95.54386303485427
0.982	91.4883020079406
0.983	87.75429541087757
0.984	84.28717312700618
0.985	81.06821580300203
0.986	78.06438781707513
0.987	75.26856542039346
0.988	72.63826107659315
0.989	70.18574635620415
0.99	67.88591569209883
0.991	65.72852382326587
0.992	63.69907427021426
0.993	61.78500950309392
0.994	59.979897203201
0.995	58.266791088364705
0.996	56.65099464467475
0.997	55.12736430526747
0.998	53.68072188707127
0.999	52.307956762850495
1.	51.00075574728673
1.001	49.633037355494615
1.002	48.32317417051928
1.003	47.083494657098825
1.004	45.898889978012704
1.005	44.770838375940116
1.006	43.69295486654114
1.007	42.66260660800563
1.008	41.67801505718382
1.009	40.72807603089703
1.01	39.82527783115319
1.011	38.9592968823542
1.012	38.12834030948967
1.013	37.3309447291504
1.014	36.56582785989812
1.015	35.828721687800964
1.016	35.11711625713622
1.017	34.43552267980892
1.018	33.778770835687624
1.019	33.14571108865319
1.02	32.53555159908175
1.0210000000000001	31.94764858480484
1.022	31.37831672452689
1.0230000000000001	30.82900125373122
1.024	30.297749980041612
1.0250000000000001	29.788294513209888
1.026	29.292305503683277
1.0270000000000001	28.814553663495175
1.028	28.35177269153893
1.0290000000000001	27.901137370171814
1.03	27.464508912804508
1.0310000000000001	27.044123365250712
1.032	26.63471205529403
1.0330000000000001	26.240428498659988
1.034	25.856452781419232
1.0350000000000001	25.48240282853284
1.036	25.122313040221112
1.0370000000000001	24.767346843498302
1.038	24.42570134333286
1.0390000000000001	24.094899500108884
1.04	23.772656242736154
1.0410000000000001	23.45874695713293
1.042	23.152837976524463
1.0430000000000001	22.85685322956553
1.044	22.56483827589548
1.045	22.28391462232027
1.046	22.008404686241654
1.047	21.74181215016606
1.048	21.48215969246119
1.049	21.227351506445668
1.05	20.97918510102592
1.051	20.737815976553083
1.052	20.502340601446985
1.053	20.271273648148156
1.054	20.046228704937143
1.055	19.82878058137199
1.056	19.613646810277128
1.057	19.404191915476
1.058	19.199000178211353
1.059	19.00043300293568
1.06	18.80550079066221
1.061	18.614171827131816
1.062	18.427945671774598
1.063	18.24513104600782
1.064	18.067173252607002
1.065	17.891465224930535
1.066	17.720014279905193
1.067	17.5531828733131
1.068	17.387930662982676
1.069	17.228639432675937
1.07	17.07081552479713
1.071	16.916368177098473
1.072	16.765693704824383
1.073	16.617751292815118
1.074	16.47253988875939
1.075	16.329984878253597
1.076	16.19141360683672
1.077	16.054026675987306
1.078	15.919707222453656
1.079	15.788643367347747
1.08	15.660009963232058
1.081	15.533746593437032
1.082	15.408510109055376
1.083	15.28687901176178
1.084	15.167477963658465
1.085	15.049606793812707
1.086	14.933377205102506
1.087	14.820516752142897
1.088	14.709817678547218
1.089	14.599897557499235
1.09	14.492071903526776
1.091	14.387481257365417
1.092	14.283018533039446
1.093	14.1811460714972
1.094	14.079995041834259
1.095	13.981952065102245
1.096	13.884583002667064
1.097	13.789084565900527
1.098	13.707049343009604
1.099	13.639030370102857
1.1	13.57411786350678
1.101	13.509490919472881
1.102	13.445178299063103
1.103	13.382313764097418
1.104	13.320857408730161
1.105	13.259695062759713
1.106	13.198477094764778
1.107	13.140117323713845
1.108	13.080893696031247
1.109	13.0241734451726
1.11	12.966598690633772
1.111	12.911465719702042
1.112	12.855460424916565
1.113	12.801568680868488
1.114	12.747142557697265
1.115	12.695098828546783
1.116	12.642205930240909
1.117	12.59059224479658
1.118	12.540269943598613
1.119	12.490128247519253
1.12	12.440975619588775
1.121	12.39125608198595
1.122	12.34382868015752
1.123	12.296587092154791
1.124	12.249510458282904
1.125	12.202625722272348
1.1260000000000001	12.164196077399993
1.127	12.128792342497482
1.1280000000000001	12.093705234474838
1.129	12.059752347221906
1.1300000000000001	12.025869721477328
1.131	11.992104274387993
1.1320000000000001	11.958424271654268
1.133	11.925876417024435
1.1340000000000001	11.893191951614543
1.135	11.861825356648104
1.1360000000000001	11.830526132551658
1.137	11.799306654662528
1.1380000000000001	11.768169598140323
1.139	11.738127159323778
1.1400000000000001	11.708153662258395
1.141	11.67808491137927
1.1420000000000001	11.649270438111799
1.143	11.619524973531
1.1440000000000001	11.590839563184225
1.145	11.563216986561777
1.1460000000000001	11.534683322504895
1.147	11.507190698321118
1.1480000000000001	11.47960465092328
1.149	11.452246537716213
1.1500000000000001	11.425917478317313
1.151	11.399668534003998
1.1520000000000001	11.373457975436809
1.153	11.347327212217166
1.1540000000000001	11.322059409885837
1.155	11.296030002243668
1.1560000000000001	11.271029645191975
1.157	11.246085580837113
1.1580000000000001	11.222156593313848
1.159	11.198263993951919
1.1600000000000001	11.173482926563073
1.161	11.149581462257935
1.1620000000000001	11.12679565135103
1.163	11.10311202690879
1.1640000000000001	11.080421724032712
1.165	11.057781916061797
1.1660000000000001	11.035188402918141
1.167	11.012639000154016
1.1680000000000001	10.990949418631477
1.169	10.969431301706884
1.1700000000000002	10.94701954850158
1.171	10.926510576607079
1.1720000000000002	10.90513718463463
1.173	10.883757332263759
1.174	10.86338302748509
1.175	10.842912680450256
1.176	10.822597770708658
1.177	10.802324610831773
1.178	10.782090173091856
1.179	10.76281473412797
1.18	10.743559811645884
1.181	10.7234512606206
1.182	10.705069030801251
1.183	10.685945117977582
1.184	10.666832597294924
1.185	10.6486608521843
1.186	10.6296395082198
1.187	10.61153512501726
1.188	10.593459992561302
1.189	10.57620314201667
1.19	10.558189837779233
1.191	10.540220666383606
1.192	10.523170099030715
1.193	10.506150223041079
1.194	10.489154791134728
1.195	10.472173247895611
1.196	10.455150092424535
1.197	10.439117368043163
1.198	10.422218184280876
1.199	10.406253033309465
1.2	10.390298843697538
1.201	10.373489542313894
1.202	10.358460605807657
1.203	10.34249915284589
1.204	10.326641913828682
1.205	10.311693366356298
1.206	10.295885990592886
1.207	10.28098189991962
1.208	10.266099394012318
1.209	10.251238431653642
1.21	10.23632547738114
1.211	10.221496249533583
1.212	10.207561405852319
1.213	10.19279891068224
1.214	10.178904378424464
1.215	10.164159322525935
1.216	10.150315945988213
1.217	10.136395918382068
1.218	10.12258268248527
1.219	10.10966346078501
1.22	10.095882259999538
1.221	10.082135465782743
1.222	10.069255543522807
1.223	10.055543619059785
1.224	10.042621102572895
1.225	10.029779069142764
1.226	10.016979424772684
1.227	10.004172466066013
1.228	9.99139021032149
1.229	9.979484937346434
1.23	9.96672479137392
1.231	9.954770929404466
1.232	9.942058152484826
1.233	9.93020978356383
1.234	9.918362653549075
1.235	9.906531824924668
1.236	9.89472581467356
1.237	9.882849908256166
1.238	9.871074223569371
1.239	9.859299302915993
1.24	9.848381011993533
1.241	9.836633771464713
1.242	9.825754327036625
1.243	9.814045160188831
1.244	9.803113151264224
1.245	9.792258004708945
1.246	9.781402241434249
1.247	9.770583864130566
1.248	9.75976674653261
1.249	9.74895766607653
1.25	9.738151847218745
1.2510000000000001	9.728141152432332
1.252	9.717369465415116
1.2530000000000001	9.70744266890612
1.254	9.696683548646904
1.2550000000000001	9.686775814440868
1.256	9.67688182423133
1.2570000000000001	9.666985383292896
1.258	9.657048416136975
1.2590000000000001	9.647184781152163
1.26	9.63733119519737
1.2610000000000001	9.627471586188125
1.262	9.617625656902185
1.2630000000000001	9.608625087394497
1.264	9.598809844905126
1.2650000000000001	9.5897452766255
1.266	9.579950639906892
1.2670000000000001	9.570972917166756
1.268	9.56200288139917
1.2690000000000001	9.552223907013403
1.27	9.54328449000719
1.2710000000000001	9.534328760197734
1.272	9.52535390678564
1.2730000000000001	9.516427348649616
1.274	9.507510497840274
1.2750000000000001	9.499416863347179
1.276	9.49050227193889
1.2770000000000001	9.481620706674713
1.278	9.473548847594937
1.2790000000000001	9.464609208872263
1.28	9.456551127369366
1.2810000000000001	9.448488016563019
1.282	9.439644751534455
1.2830000000000001	9.431597156788417
1.284	9.42356721025759
1.2850000000000001	9.41554410293168
1.286	9.40748093077879
1.2870000000000001	9.399471485037264
1.288	9.391456695143505
1.2890000000000001	9.3834623734438
1.29	9.375461215696738
1.2910000000000001	9.367479061485835
1.292	9.360295270719499
1.2930000000000001	9.352282079763686
1.294	9.345107730854394
1.2950000000000002	9.337153852743915
1.296	9.329980413644607
1.2970000000000002	9.322036981916462
1.298	9.314899438686076
1.2990000000000002	9.30774478376932
1.3	9.300575360654225
1.301	9.29343042684037
1.302	9.28631635876023
1.303	9.279193090202753
1.304	9.27207788565905
1.305	9.264968140086241
1.306	9.25787327651253
1.307	9.2507316481283
1.308	9.243651808251203
1.309	9.237353113492146
1.31	9.230257996134561
1.311	9.22319230740907
1.312	9.216896106364672
1.313	9.209789995224074
1.314	9.203517716241448
1.315	9.197245791173103
1.316	9.190194267612197
1.317	9.183934194293773
1.318	9.177666456121202
1.319	9.17141491619811
1.32	9.165128222274477
1.321	9.15810138769339
1.322	9.15185130343479
1.323	9.145619282310303
1.324	9.140173845794571
1.325	9.133935972917515
1.326	9.127715356169261
1.327	9.121460295959121
1.328	9.115237359702535
1.329	9.109797951416903
1.33	9.103592633384414
1.331	9.097379825729305
1.332	9.091964256460855
1.333	9.08577065183265
1.334	9.080316321246782
1.335	9.074897169220707
1.336	9.06871595554858
1.337	9.063305662263941
1.338	9.057897560216071
1.339	9.051727609474977
1.34	9.04632687767456
1.341	9.040908117889751
1.342	9.03550174522756
1.343	9.030122987654872
1.344	9.024734745059545
1.345	9.019361436597576
1.346	9.013980591739474
1.347	9.008613678156303
1.348	9.003205854627883
1.349	8.99783649054198
1.35	8.993238102441817
1.351	8.987871859346628
1.352	8.982508818474768
1.353	8.977919430284127
1.354	8.972563009998915
1.355	8.967192015586317
1.356	8.962608538071947
1.357	8.957250246600628
1.358	8.952674121705744
1.359	8.947343718404829
1.36	8.942760621742483
1.361	8.938192413202659
1.362	8.932830838700026
1.363	8.928266880578695
1.364	8.923706067291151
1.365	8.919135178135903
1.366	8.914578215796947
1.367	8.909271610332564
1.368	8.90470639291943
1.369	8.900130163849479
1.37	8.895583737878237
1.371	8.891037978988319
1.372	8.886495363613582
1.373	8.881944359080498
1.374	8.878156598536696
1.375	8.873621380322078
1.3760000000000001	8.869061146015747
1.377	8.864529767051408
1.3780000000000001	8.860001846114322
1.379	8.8562354593782
1.3800000000000001	8.851710634043867
1.381	8.847176620642605
1.3820000000000001	8.843403704772943
1.383	8.83886210685189
1.3840000000000001	8.835102664833519
1.385	8.830578929211562
1.3860000000000001	8.826812939702844
1.387	8.822302322752613
1.3880000000000001	8.818552190778
1.389	8.814024019739177
1.3900000000000001	8.810264733202864
1.391	8.8065067847906
1.3920000000000001	8.80200838807503
1.393	8.798254908121116
1.3940000000000001	8.794503714346959
1.395	8.790753435879338
1.3960000000000001	8.78623888951203
1.397	8.782504200989981
1.3980000000000001	8.778759062215178
1.399	8.775026878091296
1.4000000000000001	8.771274189908311
1.401	8.767545217663862
1.4020000000000001	8.76380644074386
1.403	8.759303585568892
1.4040000000000001	8.754816932118072
1.405	8.750343922784388
1.4060000000000001	8.745873199815785
1.407	8.741405395202614
1.4080000000000001	8.736199830934817
1.409	8.730976573583604
1.4100000000000001	8.726483176452511
1.411	8.720540104383247
1.4120000000000001	8.715336056529955
1.413	8.70940126191856
1.4140000000000001	8.704203167925609
1.415	8.698275224635871
1.4160000000000001	8.692340025922196
1.417	8.685647436521666
1.4180000000000001	8.679718822488457
1.419	8.673063302903614
1.4200000000000002	8.66642169115484
1.421	8.659765009306843
1.4220000000000002	8.652392192902399
1.423	8.64576712513579
1.4240000000000002	8.638364296957084
1.425	8.6310096662717
1.4260000000000002	8.623650134355827
1.427	8.616307272084873
1.428	8.608222936002965
1.429	8.60089400227905
1.43	8.592845526948773
1.431	8.584732104502143
1.432	8.575964027935337
1.433	8.567925871582494
1.434	8.559174647704834
1.435	8.550419657788018
1.436	8.541684737689554
1.437	8.53294924932336
1.438	8.524177103571496
1.439	8.514738178172419
1.44	8.505311415631526
1.441	8.49589166988043
1.442	8.486496812337002
1.443	8.47708859323296
1.444	8.466986744521169
1.445	8.456826280524004
1.446	8.446747910732382
1.447	8.436670611345324
1.448	8.426606691181183
1.449	8.415852985112169
1.45	8.405812453477113
1.451	8.395077017988424
1.452	8.384287975498346
1.453	8.373575640447276
1.454	8.362163097481522
1.455	8.35076447917918
1.456	8.340107560846793
1.457	8.328738721463786
1.458	8.317385231772857
1.459	8.305278302707784
1.46	8.293955145530308
1.461	8.28195975129695
1.462	8.269970969914231
1.463	8.258001730442908
1.464	8.246036923182144
1.465	8.233404945354145
1.466	8.221413231647231
1.467	8.208807565176572
1.468	8.196231847856339
1.469	8.183666716444144
1.47	8.170417649242111
1.471	8.1578899315824
1.472	8.14462743692952
1.473	8.131452139919462
1.474	8.11829813787381
1.475	8.105156447709078
1.476	8.0913589504172
1.477	8.07827222012688
1.478	8.064512388847339
1.479	8.050692914413796
1.48	8.036980225566545
1.481	8.022613771048528
1.482	8.008947534681939
1.483	7.994632325528849
1.484	7.98032973558214
1.485	7.9660630966231105
1.486	7.951725845532822
1.487	7.936841433102189
1.488	7.9226613731558215
1.489	7.907821796676153
1.49	7.89300731675934
1.491	7.8782206047240715
1.492	7.8634616021847465
1.493	7.847967554146419
1.494	7.83260502397325
1.495	7.817930106789576
1.496	7.802626578584429
1.497	7.786690083385159
1.498	7.771438315490742
1.499	7.755571452567501
1.5	7.740280006731077
1.5010000000000001	7.724466305796332
1.502	7.7086837280875695
1.5030000000000001	7.692279263804669
1.504	7.676563520083481
1.5050000000000001	7.660222673553369
1.506	7.644566299996762
1.5070000000000001	7.628204070235251
1.508	7.611324532956164
1.5090000000000001	7.595126509253925
1.51	7.578968238491933
1.5110000000000001	7.562192947731013
1.512	7.545454813911427
1.5130000000000001	7.528753732030237
1.514	7.511989964183593
1.5150000000000001	7.49472137825057
1.516	7.478131409986014
1.5170000000000001	7.460961453186155
1.518	7.443798784432097
1.5190000000000001	7.4266949404391305
1.52	7.4096238874712395
1.5210000000000001	7.392493759984264
1.522	7.374874800445583
1.5230000000000001	7.357307078490351
1.524	7.34352343062826
1.5250000000000001	7.3291370526797435
1.526	7.3147910142332355
1.5270000000000001	7.3010844025309805
1.528	7.286091744240863
1.5290000000000001	7.271828424514485
1.53	7.256958044660237
1.5310000000000001	7.2427595077932185
1.532	7.22795286627304
1.5330000000000001	7.213192580096065
1.534	7.197835865705599
1.5350000000000001	7.183038688965916
1.536	7.1677548978017445
1.5370000000000001	7.152503631514218
1.538	7.137287578385548
1.5390000000000001	7.122091878060792
1.54	7.106327957905644
1.5410000000000001	7.0912095826198245
1.542	7.075411333203097
1.5430000000000001	7.0597582933944825
1.544	7.043522363164389
1.5450000000000002	7.0279409975150555
1.546	7.011780590466226
1.5470000000000002	6.996263556517209
1.548	6.980188644595477
1.5490000000000002	6.963455228835485
1.55	6.947457944942981
1.5510000000000002	6.931484615734011
1.552	6.914964400287039
1.5530000000000002	6.898486571385333
1.554	6.8820450328661895
1.5550000000000002	6.865541471487836
1.556	6.848602568319726
1.557	6.83169355076522
1.558	6.814835114190615
1.559	6.798012516723972
1.56	6.781237216857261
1.561	6.764494539225597
1.562	6.7471138334060665
1.563	6.7298865009539215
1.564	6.712703154833214
1.565	6.6955636950034805
1.566	6.678476324935611
1.567	6.660852559286369
1.568	6.643848490098171
1.569	6.626208938150607
1.57	6.608157748257098
1.571	6.590731275188447
1.572	6.573346837789102
1.573	6.555446365969925
1.574	6.53759791464652
1.575	6.519786359238995
1.576	6.501922661615375
1.577	6.48367352338643
1.578	6.466007692400185
1.579	6.4478461258784305
1.58	6.429747211317531
1.581	6.411684203616496
1.582	6.393138424183962
1.583	6.3750821963903945
1.584	6.356627103131995
1.585	6.338240328652277
1.586	6.319903404601801
1.587	6.301619315159243
1.588	6.282852539440976
1.589	6.26467557702286
1.59	6.2459037975971805
1.591	6.227301415680975
1.592	6.208220772506288
1.593	6.18973617522563
1.594	6.170773109966136
1.595	6.152392660861546
1.596	6.133556826917029
1.597	6.114135434044435
1.598	6.095408393577492
1.599	6.076729852727796
1.6	6.057183722808171
1.601	5.6595206189175515
1.602	5.640260598674497
1.603	5.621073138875132
1.604	5.601828454354116
1.605	5.582763370711112
1.606	5.563287701926985
1.607	5.54436162658481
1.608	5.525019178385774
1.609	5.505751280459461
1.61	5.486080188930272
1.611	5.46683045385292
1.612	5.447297978305179
1.613	5.427835290313808
1.614	5.4084421177689315
1.615	5.3891252673529655
1.616	5.369406143814728
1.617	5.349773057601775
1.618	5.330083651334408
1.619	5.31059426549166
1.62	5.291161649613041
1.621	5.271355740069477
1.622	5.252084642545219
1.623	5.232424700880949
1.624	5.212391345833646
1.625	5.192770548259092
1.6260000000000001	5.172903059611276
1.627	5.153538686634065
1.6280000000000001	5.1338101996905
1.629	5.113721699136292
1.6300000000000001	5.094155592800548
1.631	5.074232976949745
1.6320000000000001	5.0542580843881675
1.633	5.034480865778649
1.6340000000000001	5.014784601643659
1.635	4.995157941233552
1.6360000000000001	4.975195077099785
1.637	4.955314864346902
1.6380000000000001	4.935382053130466
1.639	4.915656720344075
1.6400000000000001	4.895588782496726
1.641	4.876019630540498
1.6420000000000001	4.856116155446188
1.643	4.83629034244358
1.6440000000000001	4.816138534261092
1.645	4.796359153257433
1.6460000000000001	4.776367370388098
1.647	4.756471227956828
1.6480000000000001	4.736649275010766
1.649	4.716912279361284
1.6500000000000001	4.696854613731194
1.651	4.676888357800718
1.6520000000000001	4.656884862528152
1.653	4.637081216879179
1.6540000000000001	4.616967598930608
1.655	4.597337989308774
1.6560000000000001	4.5773982123655745
1.657	4.557552174653211
1.6580000000000001	4.537792232320879
1.659	4.517602765344924
1.6600000000000001	4.497631129787028
1.661	4.4781293873680825
1.6620000000000001	4.457947536737539
1.663	4.438238499885013
1.6640000000000001	4.418616656600831
1.665	4.398697105529972
1.6660000000000001	4.378760744654323
1.667	4.359032353417019
1.6680000000000001	4.3390086486870505
1.669	4.31909016184134
1.6700000000000002	4.299628013505523
1.671	4.279891936184846
1.6720000000000002	4.259875521103603
1.673	4.2401949546352675
1.6740000000000002	4.220369390397905
1.675	4.200631105354805
1.6760000000000002	4.180999535172229
1.677	4.161445278078679
1.6780000000000002	4.141632517526473
1.679	4.121912350262292
1.6800000000000002	4.102175053218367
1.681	4.0826444182924275
1.6820000000000002	4.0632044207754845
1.683	4.043517532832065
1.6840000000000002	4.023920805337189
1.685	4.004433090411463
1.686	3.9850171482025454
1.687	3.965254680569192
1.688	3.9457072599494465
1.689	3.92624915749655
1.69	3.906894036003006
1.691	3.8876308037485257
1.692	3.868130649739668
1.693	3.8487318574825635
1.694	3.8293206016121473
1.695	3.8101070747492374
1.696	3.790679353187241
1.697	3.7716749648053223
1.698	3.7524342958470527
1.699	3.7329798773750924
1.7	3.7139363815234936
1.701	3.6945675462905307
1.702	3.6754177976855753
1.703	3.656359100417885
1.704	3.6373942804624773
1.705	3.6182316253878875
1.706	3.5994742165341105
1.707	3.580502370634288
1.708	3.561218858526136
1.709	3.542447566491719
1.71	3.5234872548586194
1.711	3.5046182006609
1.712	3.4858513265346107
1.713	3.4671895257194607
1.714	3.448223185260835
1.715	3.42975636834937
1.716	3.410805577676552
1.717	3.3922576726722116
1.718	3.373807101001428
1.719	3.3551734727504634
1.72	3.3366375347303387
1.721	3.318101597213384
1.722	3.2994890335029106
1.723	3.281260010832715
1.724	3.2628541099985173
1.725	3.2445503618944973
1.726	3.226084372854346
1.727	3.207991281991239
1.728	3.1896123214026413
1.729	3.1714589579603247
1.73	3.153400927032716
1.731	3.1351772564601417
1.732	3.1170623266990827
1.733	3.0993227344949754
1.734	3.081147379303504
1.735	3.0632362458576154
1.736	3.045280159098517
1.737	3.027421502965786
1.738	3.009678588601522
1.739	2.9920285756807994
1.74	2.9742314279030664
1.741	2.9565428086672796
1.742	2.938853669801673
1.743	2.9213758055093098
1.744	2.9037560093344643
1.745	2.886235569873617
1.746	2.8688245709380764
1.747	2.851521788984385
1.748	2.834323966896929
1.749	2.816880528492512
1.75	2.799654364665396
1.7510000000000001	2.782526327806125
1.752	2.7652662519165463
1.7530000000000001	2.7481199184332255
1.754	2.731076861513478
1.7550000000000001	2.7141395344750148
1.756	2.6972047693638443
1.7570000000000001	2.6802508537177854
1.758	2.6634000594967526
1.7590000000000001	2.646658636299276
1.76	2.630018575858985
1.7610000000000001	2.613266484756724
1.762	2.596613706247065
1.7630000000000001	2.579977622962458
1.764	2.5635336079026376
1.7650000000000001	2.5469889955499734
1.766	2.530544589455385
1.7670000000000001	2.5142036972281625
1.768	2.497977530109886
1.7690000000000001	2.4816433002135665
1.77	2.4653122681997344
1.7710000000000001	2.4491913894282575
1.772	2.433172400040199
1.7730000000000001	2.4170484353167083
1.774	2.4010402448398604
1.7750000000000001	2.3851321621510713
1.776	2.3693294918731116
1.7770000000000001	2.35334021927725
1.778	2.337547479788499
1.7790000000000001	2.3218637273233074
1.78	2.306282010916599
1.7810000000000001	2.290617271578123
1.782	2.275245521341529
1.7830000000000001	2.2597889998698157
1.784	2.244152148963423
1.7850000000000001	2.2289032373652677
1.786	2.213571321379242
1.7870000000000001	2.198344619963968
1.788	2.1830355385613056
1.7890000000000001	2.1680220355790256
1.79	2.152924317864363
1.7910000000000001	2.137841490086118
1.792	2.1229532949882217
1.7930000000000001	2.1079937477116704
1.794	2.0931315200106555
1.7950000000000002	2.0783821330967265
1.796	2.0637340993717306
1.7970000000000002	2.0489225469707684
1.798	2.034310103360362
1.7990000000000002	2.0198018532552244
1.8	2.0053915938573272
1.8010000000000002	1.9909213392905802
1.802	1.9765503373512596
1.8030000000000002	1.9622831404366694
1.804	1.9480383137742405
1.8050000000000002	1.9338139076185907
1.806	1.919854326947721
1.8070000000000002	1.9056769098887623
1.808	1.891761201109939
1.8090000000000002	1.877783618707287
1.81	1.8640717454670128
1.8110000000000002	1.8500670940895798
1.812	1.8363994506033385
1.813	1.8226792056818308
1.814	1.8090639252783796
1.815	1.7955454572234486
1.816	1.7821328960520517
1.817	1.7686665657713618
1.818	1.7552213966531496
1.819	1.741960550576311
1.82	1.7288018019619615
1.821	1.715588548146703
1.822	1.7024832414097721
1.823	1.6894780953268773
1.824	1.6764237899215146
1.825	1.6635401275637236
1.826	1.6506907510061035
1.827	1.6379357131668857
1.828	1.6251467685862335
1.829	1.6124532883336895
1.83	1.599861069769038
1.831	1.587367230847646
1.832	1.5748962243444562
1.833	1.5624651799557057
1.834	1.5501282553658573
1.835	1.5378967765796674
1.836	1.5256248619528558
1.837	1.51345091656529
1.838	1.501380258643403
1.839	1.489327402044044
1.84	1.4773185507962534
1.841	1.4655319241907359
1.842	1.4537144391035997
1.843	1.4418705400118463
1.844	1.4302461585572563
1.845	1.418589616929077
1.846	1.4069646329211354
1.847	1.395501519354134
1.848	1.3840110046790013
1.849	1.3726210009984101
1.85	1.3613209200304803
1.851	1.35011391980423
1.852	1.338886405936746
1.853	1.327683293461641
1.854	1.3166418681001888
1.855	1.3056923525891024
1.856	1.2947244747752293
1.857	1.2839554357046443
1.858	1.273061172234182
1.859	1.2623656375013523
1.86	1.2516959879280727
1.861	1.2410769741164067
1.862	1.2305443659836834
1.863	1.2199967135979488
1.864	1.2096447483794515
1.865	1.199279656943305
1.866	1.1889996378392873
1.867	1.17874991600207
1.868	1.16854919356188
1.869	1.1584345979738009
1.87	1.148409687756046
1.871	1.138473021580979
1.872	1.128617338874586
1.873	1.1187546142104214
1.874	1.1089221488490881
1.875	1.099226214279121
1.8760000000000001	1.0895296632164129
1.877	1.0800097089983045
1.8780000000000001	1.070477682172475
1.879	1.0609436267085024
1.8800000000000001	1.051527081028919
1.881	1.0422461534079255
1.8820000000000001	1.0329634503676715
1.883	1.0237616220216965
1.8840000000000001	1.0145532404339084
1.885	1.005518499780259
1.8860000000000001	0.9964761939595197
1.887	0.9874594779956194
1.8880000000000001	0.9785817448168562
1.889	0.9696985627939156
1.8900000000000001	0.9609774977314661
1.891	0.9522564092486271
1.8920000000000001	0.943613265838777
1.893	0.9349676908410671
1.8940000000000001	0.9264302268385957
1.895	0.9179450679565987
1.8960000000000001	0.909532242860868
1.897	0.901201866950974
1.8980000000000001	0.8929465949708133
1.899	0.8846877253516096
1.9000000000000001	0.8765086203516937
1.901	0.8683579800418365
1.9020000000000001	0.8603265402659467
1.903	0.852372418848404
1.9040000000000001	0.8444217279045033
1.905	0.8365401799011305
1.9060000000000001	0.8287361163313561
1.907	0.8210049096445978
1.9080000000000001	0.8132978707166173
1.909	0.8056425210104909
1.9100000000000001	0.7980571608859347
1.911	0.7905435815027868
1.9120000000000001	0.7831003829696268
1.913	0.775730324213511
1.9140000000000001	0.7684249961005403
1.915	0.7610820840496328
1.9160000000000001	0.7538535373111961
1.917	0.7466920292971937
1.9180000000000001	0.7395988772838523
1.919	0.7325738734407118
1.9200000000000002	0.725552247752774
1.921	0.7186602757274274
1.9220000000000002	0.7117328480484496
1.923	0.7049109720910811
1.9240000000000002	0.6981558883294613
1.925	0.6914072963711189
1.9260000000000002	0.6847797894912225
1.927	0.6782182140616512
1.9280000000000002	0.6716623717930483
1.929	0.6651285587081339
1.9300000000000002	0.6586987295703003
1.931	0.6523314762083458
1.9320000000000002	0.6460234958055402
1.933	0.6397787544607506
1.9340000000000002	0.6335393417201338
1.935	0.6274137977163204
1.9360000000000002	0.6212594715185112
1.937	0.6152006352994406
1.9380000000000002	0.6092004937047772
1.939	0.6032592650940961
1.94	0.5973770412032439
1.941	0.5915511528476964
1.942	0.5857820941712999
1.943	0.5800351339705125
1.944	0.5743299257381361
1.945	0.5687283087471526
1.946	0.5631348742173018
1.947	0.5576425289448306
1.948	0.5521571209523942
1.949	0.5467266724065984
1.95	0.5413625262415414
1.951	0.536036882140197
1.952	0.5307649205322074
1.953	0.5255425844386029
1.954	0.5203741814384377
1.955	0.5152989307393544
1.956	0.5102300869826888
1.957	0.5051815438059469
1.958	0.5002124748605989
1.959	0.49529164195283626
1.96	0.49042009701870576
1.961	0.48559591051065354
1.962	0.48081890278932016
1.963	0.4760620233295854
1.964	0.4713786007845904
1.965	0.46678137859424584
1.966	0.4621905519524792
1.967	0.45764408582349453
1.968	0.4531809112958758
1.969	0.44872278600748405
1.97	0.4443210276373282
1.971	0.43995043574991094
1.972	0.4356598189030023
1.973	0.4314114745273788
1.974	0.4271667354602766
1.975	0.4230015476885062
1.976	0.41891295191905387
1.977	0.4148018057194458
1.978	0.41075756153214893
1.979	0.4067866668116543
1.98	0.4028190805539091
1.981	0.39892500867048464
1.982	0.39506859344203
1.983	0.3912483415447182
1.984	0.3874438679389925
1.985	0.3837315988711271
1.986	0.3800528373054118
1.987	0.3764113898549131
1.988	0.3728039387224301
1.989	0.36923106806511313
1.99	0.36572360160079975
1.991	0.3626434363866661
1.992	0.362334450496752
1.993	0.36202572856224646
1.994	0.36171760216578075
1.995	0.361440407816968
1.996	0.36113244702563735
1.997	0.3608250394713563
1.998	0.360515748968538
1.999	0.3602085761232546
2.	0.3599017212312555
2.001	0.3595952649891087
2.002	0.3592580561598113
2.003	0.3589520107600521
2.004	0.3586463475816057
2.005	0.3583389805256812
2.006	0.358033630874242
2.007	0.35769834346964935
2.008	0.35739362655579116
2.009	0.35708910121537674
2.01	0.35675446006298694
2.011	0.3564507667498477
2.012	0.3561148675328858
2.013	0.3558113546536347
2.014	0.3554782622246075
2.015	0.35517534609017326
2.016	0.3548424983609175
2.017	0.3545102538180338
2.018	0.35420817832473084
2.019	0.3538742803689462
2.02	0.35354294138612646
2.021	0.353211622901721
2.0220000000000002	0.35288038641384506
2.023	0.3525499184515859
2.024	0.352219591538454
2.025	0.3518894536617367
2.0260000000000002	0.35155798541232647
2.027	0.35122858736259444
2.028	0.35089937878882016
2.029	0.3505708258124817
2.0300000000000002	0.3502423530059404
2.031	0.34991384075903587
2.032	0.3495562322570493
2.033	0.34922668655452244
2.0340000000000003	0.3488992716659849
2.035	0.348542961398943
2.036	0.34821636510388004
2.037	0.34786034812264943
2.0380000000000003	0.34753464113403043
2.039	0.3471791814580465
2.04	0.34682225004509687
2.041	0.346497438928313
2.0420000000000003	0.34614323982729983
2.043	0.3457896538117901
2.044	0.34546559897006573
2.045	0.3451122946956525
2.0460000000000003	0.3447573845351388
2.047	0.34440518715242663
2.048	0.3440531910786287
2.049	0.34370171289661905
2.0500000000000003	0.34335014827630916
2.051	0.34299923015577377
2.052	0.34261965038489123
2.053	0.3422672738896253
2.0540000000000003	0.34191724141771235
2.055	0.3415678751440614
2.056	0.34118969962662643
2.057	0.3408411933698672
2.0580000000000003	0.3404634852764704
2.059	0.3401154530704817
2.06	0.3397370666582491
2.061	0.3393896168941402
2.0620000000000003	0.33901358731932796
2.063	0.33863852575985237
2.064	0.3382923393624284
2.065	0.3379179637010822
2.0660000000000003	0.3375436321550736
2.067	0.33716761265503237
2.068	0.33679448043007243
2.069	0.33642139332661564
2.07	0.33604886995639843
2.071	0.33567697677782704
2.072	0.3353051273978311
2.073	0.3349053232194125
2.074	0.3345322098706186
2.075	0.3341619747683285
2.076	0.33376336999699224
2.077	0.3333936771546003
2.078	0.33299623111965754
2.079	0.33262750024664384
2.08	0.33223110140889617
2.081	0.3318607086037694
2.082	0.3314650019237951
2.083	0.33106998081756217
2.084	0.3306750735835725
2.085	0.33028077996023325
2.086	0.32988695662603185
2.087	0.32949367497984033
2.088	0.32909863436631975
2.089	0.3287060082987352
2.09	0.3283143464812864
2.091	0.32792265482558375
2.092	0.327531630381119
2.093	0.32711343474699595
2.094	0.32672316613857477
2.095	0.3263037011895444
2.096	0.3259143250860598
2.097	0.3254981933165051
2.098	0.32508221018938593
2.099	0.3246946451555831
2.1	0.3242798610022416
2.101	0.32386560692921995
2.102	0.32344946263308955
2.103	0.3230362689286481
2.104	0.32262360322452416
2.105	0.32221153964272226
2.106	0.321799927334072
2.107	0.3213888410981733
2.108	0.3209508267461275
2.109	0.3205383118709125
2.11	0.32012875802357854
2.111	0.3196926542563494
2.112	0.3192568139467973
2.113	0.31884925042130585
2.114	0.31841460441696007
2.115	0.31798075770327394
2.116	0.31754527355416434
2.117	0.31713933981217557
2.118	0.31670717586555885
2.119	0.3162488284437658
2.12	0.31581772702088656
2.121	0.3153876236624329
2.122	0.31495777536217145
2.123	0.3144992399872663
2.124	0.3140707278945737
2.125	0.3136428298893575
2.126	0.31318880741936983
2.1270000000000002	0.31273544593422875
2.128	0.3123091341643299
2.129	0.3118546196585043
2.13	0.31140298400718003
2.1310000000000002	0.31095220356468734
2.132	0.31050195667391095
2.133	0.31005260019855374
2.134	0.309603653447129
2.1350000000000002	0.3091292339960869
2.136	0.3086788246654274
2.137	0.30820591134711933
2.138	0.30775937639260703
2.1390000000000002	0.30728765884671
2.14	0.3068430945376272
2.141	0.3063727055050443
2.142	0.30590286651210014
2.1430000000000002	0.30543129154488896
2.144	0.30496326437812793
2.145	0.3044957848135766
2.146	0.30402915020033966
2.1470000000000002	0.30353715485368377
2.148	0.3030719458748865
2.149	0.3026072536926004
2.15	0.30211489700756555
2.1510000000000002	0.3016262614511517
2.152	0.30116391664308234
2.153	0.3006768220783482
2.154	0.3001902319871459
2.1550000000000002	0.29970462416967086
2.156	0.2992196965391392
2.157	0.2987326359385401
2.158	0.29822387382187165
2.1590000000000003	0.297741476919562
2.16	0.297234548840109
2.161	0.2967535132984418
2.162	0.29624832326981454
2.1630000000000003	0.29574361726820925
2.164	0.29523711057856133
2.165	0.29473430959592023
2.166	0.2942321831759949
2.1670000000000003	0.2937312847327436
2.168	0.2932309432396815
2.169	0.29270672643990964
2.17	0.29220842011145726
2.1710000000000003	0.2916827238771592
2.172	0.29116135240910906
2.173	0.29066544019599355
2.174	0.29014580959102065
2.1750000000000003	0.2896271079919201
2.176	0.2891094285292909
2.177	0.28856782515018314
2.178	0.2880485193120306
2.1790000000000003	0.2875090601575337
2.18	0.2869950213633801
2.181	0.2864575521212608
2.182	0.2859209038818261
2.1830000000000003	0.2853855446315571
2.184	0.28485080786691525
2.185	0.28431395905271084
2.186	0.283757510401323
2.1870000000000003	0.28322595357829816
2.188	0.28267104490927625
2.189	0.28214176526241325
2.19	0.28158929943099054
2.1910000000000003	0.2810379343985917
2.192	0.280484331468498
2.193	0.27993504074934455
2.194	0.27936334971191384
2.1950000000000003	0.2788161383343927
2.196	0.2782464789783262
2.197	0.2776780111054246
2.198	0.27713418917627886
2.199	0.2765646053878307
2.2	0.27597613322292897
2.201	0.27541220013969203
2.202	0.27484939444728274
2.203	0.2742645805438209
2.204	0.27368094041495655
2.205	0.2730984362482575
2.206	0.27251366907047286
2.207	0.2719339300272448
2.208	0.27135510055867046
2.209	0.27075433063290066
2.21	0.2701781592283275
2.211	0.26958032315154945
2.212	0.2689800408850773
2.213	0.2683849618346127
2.214	0.26779068594110106
2.215	0.2671752409131353
2.216	0.26658413861520713
2.217	0.2659713143553817
2.218	0.26536012297041905
2.219	0.2647466607231629
2.22	0.26413798211785483
2.221	0.26350861738260994
2.222	0.2629029357886785
2.223	0.26227651413918257
2.224	0.26165152911363
2.225	0.26102775106698806
2.226	0.26040178649014245
2.227	0.25975921809127744
2.228	0.25913989676823806
2.229	0.2585004225521602
2.23	0.25786246102859417
2.231	0.2572040639091164
2.232	0.25656919727676847
2.233	0.25591013130004114
2.234	0.2552567187421483
2.235	0.2546049745343268
2.236	0.2539548944168022
2.237	0.2533064578606765
2.238	0.2526381739103265
2.239	0.25197177616111577
2.24	0.2513028463882319
2.241	0.2506397778033707
2.242	0.249957411218514
2.243	0.24929776865572376
2.244	0.24861872207973756
2.245	0.24794197113550445
2.246	0.24724540469617573
2.247	0.24654701230707
2.248	0.24587561048928178
2.249	0.24516416519168874
2.25	0.24447571256468775
2.251	0.2437893086933875
2.2520000000000002	0.24308372480320456
2.253	0.24238047005636468
2.254	0.24165483678838107
2.255	0.2409552098163712
2.2560000000000002	0.24023780398546973
2.257	0.23952232532263992
2.258	0.23878870235031793
2.259	0.23807728352485388
2.2600000000000002	0.23734806116669108
2.261	0.2365965392800886
2.262	0.23587165060503257
2.263	0.23512915241497925
2.2640000000000002	0.23438900884918884
2.265	0.23365103353908034
2.266	0.23289569260819676
2.267	0.23214280807982554
2.2680000000000002	0.23138776087236343
2.269	0.23062009459186672
2.27	0.22985483591888617
2.271	0.22909197810116516
2.2720000000000002	0.22833177201944063
2.273	0.22755487299361637
2.274	0.22676116337797525
2.275	0.22598485936498805
2.2760000000000002	0.2251966167204127
2.277	0.22441122718191245
2.278	0.22360957180092905
2.279	0.2228104902122197
2.2800000000000002	0.22201440975508568
2.281	0.22120248976304857
2.282	0.22038865362107646
2.283	0.21958232382486126
2.2840000000000003	0.21876047812526797
2.285	0.21792319544934727
2.286	0.21710758234260513
2.287	0.21627660687665237
2.2880000000000003	0.21543062683738456
2.289	0.2145825789364065
2.29	0.21374314618507465
2.291	0.2128887941231149
2.2920000000000003	0.21203752587909797
2.293	0.211172145062933
2.294	0.21031029875640864
2.295	0.2094284196504758
2.2960000000000003	0.20855579086475867
2.297	0.20768683845477334
2.298	0.20678595130666647
2.299	0.20590691297243316
2.3000000000000003	0.2050140359181961
2.301	0.20410745358014715
2.302	0.2031994415418492
2.303	0.20228397944696302
2.3040000000000003	0.201372263970488
2.305	0.2004475734817286
2.306	0.19952733453801125
2.307	0.1985942890511763
2.3080000000000003	0.19764877633657363
2.309	0.19670220603267793
2.31	0.19574909286480935
2.311	0.19478381284429966
2.3120000000000003	0.1938235645781442
2.313	0.19285147732580848
2.314	0.1918841390437069
2.315	0.19088931947012072
2.3160000000000003	0.18990976827939188
2.317	0.18890897816232496
2.318	0.18789769443171264
2.319	0.1868914952149675
2.3200000000000003	0.18587499791549913
2.321	0.18486409386635227
2.322	0.1838270075835538
2.323	0.1827897818471563
2.3240000000000003	0.18173373894552225
2.325	0.1806834953661984
2.326	0.17962430055342624
2.327	0.1785559270560315
2.328	0.17747880223487283
2.329	0.1764082608243249
2.33	0.17530751114398846
2.331	0.1742054136148803
2.332	0.17309571551173064
2.333	0.17197824929227368
2.334	0.17085334516365303
2.335	0.16972167003363897
2.336	0.16856836265096192
2.337	0.1674018917393741
2.338	0.16625040156080598
2.339	0.16507863083406052
2.34	0.1638870285285102
2.341	0.16269039218993925
2.342	0.16148843312810698
2.343	0.1602682697090882
2.344	0.1590366035250874
2.345	0.157807880098593
2.346	0.15656210027503006
2.347	0.15529975017526304
2.348	0.1540212402843586
2.349	0.15274035468441752
2.35	0.15144447182982956
2.351	0.15012573339612006
2.352	0.14880090505349886
2.353	0.14746291183886703
2.354	0.14611201099547727
2.355	0.14473635090049217
2.356	0.14336159952908756
2.357	0.141963147404151
2.358	0.1405464185871715
2.359	0.1391166352970148
2.36	0.13766565838510914
2.361	0.13620703813624013
2.362	0.1347178396367945
2.363	0.13322224257226803
2.364	0.13169867550648934
2.365	0.13014950474018447
2.366	0.1285947940418093
2.367	0.12700493654736073
2.368	0.125402242733677
2.369	0.1237672633873546
2.37	0.12212263322976086
2.371	0.12043788708724414
2.372	0.11872561563919633
2.373	0.11698831563093316
2.374	0.1152268434945077
2.375	0.11343401735002187
2.376	0.11160257870872539
2.3770000000000002	0.1097354958961204
2.378	0.10782340919419867
2.379	0.10588357692358848
2.38	0.1039081225842831
2.3810000000000002	0.10188205413343984
2.382	0.09981110161441173
2.383	0.09768253049505074
2.384	0.09550077433823181
2.3850000000000002	0.09325141330219747
2.386	0.09094401696391567
2.387	0.0885644630368806
2.388	0.08610127834366837
2.3890000000000002	0.08354983050869906
2.39	0.08089378799445884
2.391	0.07812335228382337
2.392	0.07519862236127854
2.3930000000000002	0.07213365105856592
2.394	0.06887119298998287
2.395	0.0653619659618462
2.396	0.06153673173083884
2.3970000000000002	0.05727016133260603
2.398	0.052319599400984414
2.399	0.04599435682033589
2.4	0.032020115834286
2.4010000000000002	0.03256593147529553
2.402	0.032748750747783544
2.403	0.032932360427445656
2.404	0.03311610540843139
2.4050000000000002	0.033300065936136915
2.406	0.0334858590703418
2.407	0.03367069841829607
2.408	0.0338559975994027
2.4090000000000003	0.03404145487491064
2.41	0.03422758216557964
2.411	0.03441361050692921
2.412	0.03460036890039913
2.4130000000000003	0.03478856969882942
2.414	0.0349758709580936
2.415	0.035163621007677996
2.416	0.0353519528575282
2.4170000000000003	0.035540151203092646
2.418	0.035729026531425914
2.419	0.03591828797565306
2.42	0.03610879424016788
2.4210000000000003	0.03629882386059185
2.422	0.03648891961106173
2.423	0.036679758925702674
2.424	0.036870614452417634
2.4250000000000003	0.03706177810244414
2.426	0.03725336329938582
2.427	0.03744644181020133
2.428	0.037638704638295446
2.4290000000000003	0.03783132654062487
2.43	0.03802432708100406
2.431	0.03821759581859424
2.432	0.03841123381540014
2.4330000000000003	0.038605527271659036
2.434	0.03880093364888852
2.435	0.03899552180499727
2.436	0.0391903992190859
2.4370000000000003	0.03938590677536989
2.438	0.03958139749831593
2.439	0.03977754861726699
2.44	0.039973908895696006
2.4410000000000003	0.040171836514619134
2.442	0.040368785188887896
2.443	0.04056603085104781
2.444	0.040763562053028654
2.4450000000000003	0.0409617089864664
2.446	0.041160097188631894
2.447	0.04135877463913919
2.448	0.04155887431874596
2.4490000000000003	0.04175803445006081
2.45	0.041957441090700015
2.451	0.04215744331630001
2.452	0.042357619529522
2.453	0.04255842396666981
2.454	0.04275912469965703
2.455	0.04296153168289543
2.456	0.043163008623998515
2.457	0.04336509050215603
2.458	0.043566922678035226
2.459	0.04376973103966731
2.46	0.04397239786899733
2.461	0.04417676305171233
2.462	0.04438018569942584
2.463	0.044583735139316336
2.464	0.044787773166932915
2.465	0.04499214778483967
2.466	0.045196939372045566
2.467	0.04540193406352321
2.468	0.04560832879744461
2.469	0.04581398644810167
2.47	0.04601977237245234
2.471	0.04622573258892653
2.472	0.0464322147797653
2.473	0.04663920266967403
2.474	0.04684592618755322
2.475	0.04705481275180067
2.476	0.04726260660822605
2.477	0.04747048660349975
2.478	0.04767887039640881
2.479	0.04788736730725451
2.48	0.04809593245702622
2.481	0.04830543798490732
2.482	0.048515823425194525
2.483	0.048725885722983996
2.484	0.04893562096678272
2.485	0.0491462184146554
2.486	0.049356549990025804
2.487	0.04956770420747526
2.488	0.04977888895094518
2.489	0.04999151626019054
2.49	0.05020323155479386
2.491	0.050415416886937875
2.492	0.050627689512690595
2.493	0.05084041416391057
2.494	0.05105310428295151
2.495	0.05126632966633948
2.496	0.05148125544711611
2.497	0.05169487759801245
2.498	0.051908991280606886
2.499	0.052123101972494784
2.5	0.05233806623600128
2.501	0.052552619656161474
2.5020000000000002	0.05276801899410734
2.503	0.052984668669064004
2.504	0.05320048617642766
2.505	0.05341631606579268
2.5060000000000002	0.05363249439854774
2.507	0.0538491322413666
2.508	0.05406569678442694
2.509	0.05428312847069821
2.5100000000000002	0.0545017951113222
2.511	0.054719134286251914
2.512	0.054937333641902446
2.513	0.05515544005105334
2.5140000000000002	0.05537351355564342
2.515	0.05559237332940385
2.516	0.05581123565098815
2.517	0.056031766910408086
2.5180000000000002	0.056251323997196345
2.519	0.05647090657031737
2.52	0.056691264175320624
2.521	0.056911450370607145
2.5220000000000002	0.05713212070618795
2.523	0.057352525732701776
2.524	0.057575231426702914
2.525	0.057796444370806506
2.5260000000000002	0.05801797692171126
2.527	0.05823990682751069
2.528	0.058461736591687866
2.529	0.058684294608132244
2.5300000000000002	0.05890678406200952
2.531	0.059130963274813014
2.532	0.05935402243960669
2.533	0.0595775369382189
2.5340000000000003	0.059800845537790706
2.535	0.06002499063453824
2.536	0.0602488780772738
2.537	0.06047321142685434
2.5380000000000003	0.06069914199869352
2.539	0.060924037149348576
2.54	0.061149291765722695
2.541	0.061374817400036
2.5420000000000003	0.06160005494262582
2.543	0.061826242550684876
2.544	0.06205353471006802
2.545	0.06227972469141053
2.5460000000000003	0.06250677823853006
2.547	0.0627335181022775
2.548	0.06296058979887605
2.549	0.06318799182708316
2.5500000000000003	0.06341506058167667
2.551	0.06364436402760337
2.552	0.06387261180135027
2.553	0.06410051518886029
2.5540000000000003	0.06432927142515432
2.555	0.06455771286883671
2.556	0.06478696522828692
2.557	0.06501589150998148
2.5580000000000003	0.06524709687646194
2.559	0.06547658384891433
2.56	0.06570687537283064
2.561	0.06593682098316749
2.5620000000000003	0.06616705542882836
2.563	0.06639753404843349
2.564	0.06662877190318232
2.565	0.06686108046533724
2.5660000000000003	0.06709223001570175
2.567	0.06732360589913841
2.568	0.06755408034617522
2.569	0.06779048759547243
2.5700000000000003	0.06802197436876424
2.571	0.06825421149530672
2.572	0.06848862736293104
2.573	0.0687167090214852
2.5740000000000003	0.0689513173837855
2.575	0.06918671492405772
2.576	0.06941710881244333
2.577	0.06965410852423866
2.5780000000000003	0.06988600937633468
2.579	0.07012011468197117
2.58	0.07035944924054092
2.581	0.07059369713858946
2.582	0.07082872484704802
2.583	0.07106448792237653
2.584	0.07129496407885491
2.585	0.07153232620290066
2.586	0.07177180515838712
2.587	0.07200464198200497
2.588	0.07224439921947973
2.589	0.07247874898379493
2.59	0.07271381177640798
2.591	0.0729496843557538
2.592	0.07318627942532538
2.593	0.07342507349602256
2.594	0.07366325295747057
2.595	0.07390211371557054
2.596	0.07414183127005157
2.597	0.07437600530971405
2.598	0.07461722576033053
2.599	0.07485285066022854
2.6	0.07509709746553211
2.601	0.07533419216020032
2.602	0.07557217661317149
2.603	0.075810814521253
2.604	0.076050211578548
2.605	0.07629045277182069
2.606	0.07653135944551707
2.607	0.07677442502889341
2.608	0.07701041390634274
2.609	0.077253593290912
2.61	0.07749748692385627
2.611	0.0777356840692993
2.612	0.07797446151046646
2.613	0.0782206900983514
2.614	0.07846252172442875
2.615	0.07870363379049712
2.616	0.0789454425819794
2.617	0.07918798736446898
2.618	0.07943132538855639
2.619	0.07966858549390529
2.62	0.07991483036206543
2.621	0.08016037831023806
2.622	0.08039978356617303
2.623	0.08064678217148902
2.624	0.08088770814635794
2.625	0.08112932120315317
2.626	0.08137857574677052
2.6270000000000002	0.08162317003911326
2.628	0.08186692415963596
2.629	0.08211155689065694
2.63	0.08235681387586694
2.6310000000000002	0.08260280349989406
2.632	0.0828424741112953
2.633	0.08308996857914647
2.634	0.08333957201716032
2.6350000000000002	0.08358145871122355
2.636	0.08383108491097473
2.637	0.08407432663421882
2.638	0.08431826404719299
2.6390000000000002	0.08456291157198964
2.64	0.08481554594855875
2.641	0.08506308196664351
2.642	0.08530994346565735
2.6430000000000002	0.0855574448162497
2.644	0.08579840294024572
2.645	0.08604744407896855
2.646	0.08629706065714532
2.6470000000000002	0.08654745814067315
2.648	0.08679273762118281
2.649	0.08704448927508511
2.65	0.08728962118911784
2.6510000000000002	0.08753549141864106
2.652	0.08778941715165764
2.653	0.08803664681825649
2.654	0.08828460663726415
2.6550000000000002	0.08853467765320422
2.656	0.08878400621404235
2.657	0.08903407031667077
2.658	0.08928474727814775
2.6590000000000003	0.08953622686958206
2.66	0.08978077564956337
2.661	0.09003360160193104
2.662	0.09028859311399359
2.6630000000000003	0.09053516442707997
2.664	0.09079015203848653
2.665	0.09103802010880331
2.666	0.09128661035580285
2.6670000000000003	0.09153587992106657
2.668	0.09179366093225229
2.669	0.0920458382347383
2.67	0.0922971802922434
2.6710000000000003	0.09254916276692937
2.672	0.09280186647374625
2.673	0.09304741441516193
2.674	0.09330144512941733
2.6750000000000003	0.09355632387993602
2.676	0.09381325547785092
2.677	0.09406139248554116
2.678	0.09431826480308148
2.6790000000000003	0.09456784686406393
2.68	0.09482606955214573
2.681	0.09507684323940481
2.682	0.09532835861167964
2.6830000000000003	0.09558204805315758
2.684	0.09583491036498101
2.685	0.09609653213492748
2.686	0.09635071580881019
2.6870000000000003	0.09659736200054289
2.688	0.09685289927533454
2.689	0.09710909670212957
2.69	0.09736752508048532
2.6910000000000003	0.09762507374640762
2.692	0.09787499528770911
2.693	0.09813388368732721
2.694	0.0983850940346584
2.6950000000000003	0.09864536059416884
2.696	0.0988979247473345
2.697	0.09915260436858697
2.698	0.09941481103520629
2.6990000000000003	0.09966934144549612
2.7	0.09992443025954648
2.701	0.10018017197049768
2.702	0.10043666231441829
2.7030000000000003	0.10069527028387923
2.704	0.10095298541673213
2.705	0.10121151953459392
2.706	0.10147053693591887
2.7070000000000003	0.10172164877023933
2.708	0.10198208552537838
2.709	0.10224309379691508
2.71	0.10249761551511676
2.711	0.10276000446369467
2.712	0.10301425597178662
2.713	0.10327793574184785
2.714	0.1035335570479053
2.715	0.10378974361850112
2.716	0.1040465174432474
2.717	0.10431442226422163
2.718	0.10457247314183218
2.719	0.10483118319846357
2.72	0.10509058067610369
2.721	0.10535060932065385
2.722	0.10560232129503869
2.723	0.10586362730613205
2.724	0.10612723289489201
2.725	0.10638975661496278
2.726	0.10664388294462422
2.727	0.1069077657276732
2.728	0.10717224461886384
2.729	0.10742840103141756
2.73	0.10768500611040777
2.731	0.10795298190666966
2.732	0.1082109334593108
2.733	0.10846936211168404
2.734	0.10873774452810077
2.735	0.10899752429891452
2.736	0.10925794800193911
2.737	0.10951897101083048
2.738	0.10978212842959688
2.739	0.11004445076297156
2.74	0.11030725626481376
2.741	0.11057078591290684
2.742	0.11083507933317313
2.743	0.11109033669565974
2.744	0.11135573730253558
2.745	0.11162329002562688
2.746	0.11188046783076191
2.747	0.11214772929872362
2.748	0.1124060994889611
2.749	0.11267453759311903
2.75	0.11293410300927385
2.751	0.11319419323764188
2.7520000000000002	0.11346615682269855
2.753	0.11372754608014955
2.754	0.11398961098797245
2.755	0.11425213170579637
2.7560000000000002	0.11451533134501087
2.757	0.11477913730482459
2.758	0.11504345485210411
2.759	0.11531012882018743
2.7600000000000002	0.11557584003237126
2.761	0.11584191688384766
2.762	0.11610885868757463
2.763	0.11636650895662472
2.7640000000000002	0.11663440557504436
2.765	0.11690309366878554
2.766	0.11716408936715793
2.767	0.11743379050954607
2.7680000000000002	0.11769431874506356
2.769	0.11796550863060562
2.77	0.11822702351780395
2.771	0.11849947986919686
2.7720000000000002	0.11876234925657962
2.773	0.11902724912281767
2.774	0.11929138419632523
2.775	0.11955595676222369
2.7760000000000002	0.11983126059712416
2.777	0.12009716109462815
2.778	0.12036359271919587
2.779	0.12063057734590105
2.7800000000000002	0.12089970175786072
2.781	0.12115762543667392
2.782	0.1214263705343425
2.783	0.12169565240666301
2.7840000000000003	0.12196561052996013
2.785	0.12223598943519237
2.786	0.12249839339282735
2.787	0.12277016911449293
2.7880000000000003	0.12303188560667523
2.789	0.12330478691956477
2.79	0.12356782171520278
2.791	0.1238419091885666
2.7920000000000003	0.12410597686710943
2.793	0.12437068865280336
2.794	0.1246480638655525
2.795	0.12491393146900685
2.7960000000000003	0.12518036615335107
2.797	0.12544738301754624
2.798	0.12572557683613345
2.799	0.12599382482475754
2.8000000000000003	0.12626413891524024
2.801	0.12653345319997056
2.802	0.1268032265897237
2.803	0.12706279351341995
2.8040000000000003	0.1273338116041991
2.805	0.12760540774152823
2.806	0.127877500389391
2.807	0.12815180686739155
2.8080000000000003	0.12841424949017788
2.809	0.1286881189833132
2.81	0.12895155838295647
2.811	0.12922668881208385
2.8120000000000003	0.1295021372864617
2.813	0.12976740243905963
2.814	0.13003463709870441
2.815	0.13031185539623652
2.8160000000000003	0.1305787782843411
2.817	0.13084608921364782
2.818	0.13112514949225856
2.819	0.1313936404524649
2.8200000000000003	0.13166268156183214
2.821	0.1319337680146293
2.822	0.13220391469813889
2.823	0.13247461403322267
2.8240000000000003	0.13274568312030643
2.825	0.13301767809119844
2.826	0.1332899574931275
2.827	0.133562694901355
2.8280000000000003	0.13383788040039682
2.829	0.13411192556755985
2.83	0.13438640371368982
2.831	0.1346500343687507
2.8320000000000003	0.13492575608323337
2.833	0.1352020158760017
2.834	0.1354672282125249
2.835	0.13574618699599944
2.836	0.13601258447444803
2.837	0.13629096450607206
2.838	0.1365583327586552
2.839	0.13683792873440984
2.84	0.13710643875523726
2.841	0.13737548496636598
2.842	0.13765835466718462
2.843	0.13792838506044827
2.844	0.13819904366272756
2.845	0.13847014293712032
2.846	0.13875366538704795
2.847	0.13902584410241614
2.848	0.13929864764225308
2.849	0.139573497650617
2.85	0.1398473753981901
2.851	0.14012179033920016
2.852	0.14039665283510558
2.853	0.14067213612096896
2.854	0.14093597687510384
2.855	0.1412126156139031
2.856	0.14149134279591669
2.857	0.14176875399184183
2.858	0.14203477561246303
2.859	0.1423135752730404
2.86	0.14259273034616285
2.861	0.1428602711869298
2.862	0.1431407816128119
2.863	0.14341098673201633
2.864	0.14369226313405128
2.865	0.1439619885340107
2.866	0.14424436050146086
2.867	0.14451509922670142
2.868	0.14478634100685428
2.869	0.14507185733874434
2.87	0.14534414959834524
2.871	0.1456170410943255
2.872	0.14589015638243402
2.873	0.14616389948585437
2.874	0.14645070393719375
2.875	0.14672547837065197
2.876	0.14700248837097654
2.8770000000000002	0.14727839792736822
2.878	0.147554629534854
2.879	0.1478315539784293
2.88	0.1480964227567305
2.8810000000000002	0.1483742845308962
2.882	0.14865267325839887
2.883	0.14893341820800102
2.884	0.14921280495209957
2.8850000000000002	0.14948007002216662
2.886	0.14976082978723282
2.887	0.1500417027232242
2.888	0.15031042017481663
2.8890000000000002	0.15059253944711523
2.89	0.15087668885196734
2.891	0.1511470437622342
2.892	0.1514306953896205
2.8930000000000002	0.15170179771767237
2.894	0.1519735945275975
2.895	0.15225883517702388
2.896	0.15253142014291252
2.8970000000000002	0.1528063493668398
2.898	0.15309310796989986
2.899	0.15336718692105636
2.9	0.15364205572620535
2.9010000000000002	0.153917230284664
2.902	0.1542060165241688
2.903	0.1544822889455669
2.904	0.15476057772977111
2.9050000000000002	0.15503784300865306
2.906	0.1553155044043762
2.907	0.15559366346040335
2.908	0.15587252275814412
2.9090000000000003	0.15615167835918897
2.91	0.15643143666336254
2.911	0.15671327823758693
2.912	0.15698051570962768
2.9130000000000003	0.1572616568017654
2.914	0.15754350588676452
2.915	0.15782554012556313
2.916	0.1580948310792438
2.9170000000000003	0.1583779677119995
2.918	0.1586632165910276
2.919	0.1589339825301436
2.92	0.15921858640453904
2.9210000000000003	0.1594902779833087
2.922	0.15977590007971754
2.923	0.16004841643074086
2.924	0.16033515543026028
2.9250000000000003	0.16061040101937293
2.926	0.16089809760002463
2.927	0.16117242564040707
2.928	0.16144734324113608
2.9290000000000003	0.16173657862459634
2.93	0.16201243702176799
2.931	0.16228887177591558
2.932	0.16256745757274646
2.9330000000000003	0.16285855839884134
2.934	0.1631364362113374
2.935	0.1634146819973769
2.936	0.163693300670803
2.9370000000000003	0.16397270531884872
2.938	0.1642523779944753
2.939	0.1645341741800338
2.94	0.16481490655171524
2.9410000000000003	0.16509601532335927
2.942	0.1653776079661898
2.943	0.1656596680623457
2.944	0.16592819211461743
2.9450000000000003	0.16621109363246162
2.946	0.1664964571591515
2.947	0.1667804336463336
2.948	0.1670647629508262
2.9490000000000003	0.16733568528248227
2.95	0.1676210934919047
2.951	0.16790699321601565
2.952	0.16818082239173357
2.9530000000000003	0.1684676125300577
2.954	0.16874052084078273
2.955	0.16902829515839823
2.956	0.16930240337305738
2.9570000000000003	0.16959116373782623
2.958	0.1698659501125381
2.959	0.17015751035985202
2.96	0.1704331141494856
2.9610000000000003	0.17070941961410022
2.962	0.17100054933202358
2.963	0.17127751798758756
2.964	0.17155514815038878
2.965	0.17183333025409048
2.966	0.17212795191123637
2.967	0.172406849231673
2.968	0.17268641093267204
2.969	0.17296599817472513
2.97	0.17324636510460553
2.971	0.17352707379694604
2.972	0.1738082375342543
2.973	0.1740916206089512
2.974	0.1743736992829682
2.975	0.1746563478079982
2.976	0.1749393413158198
2.977	0.17522290676351196
2.978	0.17550671411908692
2.979	0.17579097125860269
2.98	0.1760776205023277
2.981	0.17634784996025518
2.982	0.17663369879203364
2.983	0.17692001075298755
2.984	0.17720665628139068
2.985	0.17747878305948406
2.986	0.1777664653435109
2.987	0.1780560030409155
2.988	0.17832937024218168
2.989	0.17861838784953504
2.99	0.17889248765984261
2.991	0.17918254949449341
2.992	0.17945759568838784
2.993	0.17974837917048944
2.994	0.18002597255445227
2.995	0.18031760883853104
2.996	0.18059444746219983
2.997	0.18088703572381623
2.998	0.18116481073409638
2.999	0.18144279289089443
3.	0.18173688566468843